0,1	39,466
0,3	39,491
0,5	39,541
0,7	39,48
0,9	39,48
1,1	39,502
1,3	39,48
1,5	39,486
1,7	39,53
1,9	39,48
2,1	39,524
2,3	39,546
2,5	39,579
2,7	39,497
2,9	39,519
3,1	39,53
3,3	39,552
3,5	39,508
3,7	39,552
3,9	39,541
4,1	39,541
4,3	39,541
4,5	39,563
4,7	39,552
4,9	39,486
5,1	39,557
5,3	39,574
5,5	39,557
5,7	39,541
5,9	39,546
6,1	39,562
6,3	39,589
6,5	39,59
6,7	39,557
6,9	39,535
7,1	39,585
7,3	39,545
7,5	39,552
7,7	39,563
7,9	39,519
8,1	39,579
8,3	39,535
8,5	39,574
8,7	39,59
8,9	39,59
9,1	39,557
9,3	39,579
9,5	39,574
9,7	39,557
9,9	39,546
10,1	39,546
10,3	39,584
10,5	39,59
10,7	39,59
10,9	39,59
11,1	39,579
11,3	39,563
11,5	39,579
11,7	39,595
11,9	39,584
12,1	39,563
12,3	39,546
12,5	39,574
12,7	39,578
12,9	39,568
13,1	39,59
13,3	39,574
13,5	39,59
13,7	39,59
13,9	39,59
14,1	39,59
14,3	39,595
14,5	39,635
14,7	39,61
14,9	39,584
15,1	39,589
15,3	39,6
15,5	39,585
15,7	39,59
15,9	39,6
16,1	39,59
16,3	39,585
16,5	39,59
16,7	39,59
16,9	39,595
17,1	39,568
17,3	39,568
17,5	39,595
17,7	39,59
17,9	39,563
18,1	39,574
18,3	39,585
18,5	39,59
18,7	39,595
18,9	39,59
19,1	39,59
19,3	39,59
19,5	39,568
19,7	39,59
19,9	39,585
20,1	39,61
20,3	39,552
20,5	39,585
20,7	39,6
20,9	39,59
21,1	39,579
21,3	39,604
21,5	39,585
21,7	39,63
21,9	39,63
22,1	39,579
22,3	39,6
22,5	39,61
22,7	39,6
22,9	39,568
23,1	39,59
23,3	39,615
23,5	39,59
23,7	39,59
23,9	39,59
24,1	39,552
24,3	39,61
24,5	39,59
24,7	39,585
24,9	39,59
25,1	39,568
25,3	39,625
25,5	39,546
25,7	39,568
25,9	39,568
26,1	39,595
26,3	39,594
26,5	39,61
26,7	39,6
26,9	39,6
27,1	39,562
27,3	39,563
27,5	39,64
27,7	39,59
27,9	39,59
28,1	39,595
28,3	39,62
28,5	39,605
28,7	39,59
28,9	39,574
29,1	39,595
29,3	39,6
29,5	39,594
29,7	39,595
29,9	39,6
30,1	39,59
30,3	39,557
30,5	39,6
30,7	39,595
30,9	39,59
31,1	39,579
31,3	39,579
31,5	39,59
31,7	39,574
31,9	39,563
32,1	39,584
32,3	39,59
32,5	39,557
32,7	39,59
32,9	39,579
33,1	39,573
33,3	39,605
33,5	39,574
33,7	39,59
33,9	39,59
34,1	39,6
34,3	39,563
34,5	39,6
34,7	39,615
34,9	39,594
35,1	39,574
35,3	39,59
35,5	39,59
35,7	39,595
35,9	39,61
36,1	39,585
36,3	39,568
36,5	39,563
36,7	39,579
36,9	39,585
37,1	39,59
37,3	39,568
37,5	39,595
37,7	39,594
37,9	39,588
38,1	39,584
38,3	39,585
38,5	39,589
38,7	39,605
38,9	39,552
39,1	39,579
39,3	39,595
39,5	39,568
39,7	39,6
39,9	39,574
40,1	39,594
40,3	39,6
40,5	39,59
40,7	39,6
40,9	39,59
41,1	39,595
41,3	39,59
41,5	39,595
41,7	39,625
41,9	39,6
42,1	39,635
42,3	39,635
42,5	39,573
42,7	39,579
42,9	39,595
43,1	39,62
43,3	39,625
43,5	39,579
43,7	39,59
43,9	39,59
44,1	39,61
44,3	39,574
44,5	39,568
44,7	39,615
44,9	39,59
45,1	39,584
45,3	39,59
45,5	39,59
45,7	39,59
45,9	39,595
46,1	39,59
46,3	39,595
46,5	39,59
46,7	39,59
46,9	39,584
47,1	39,585
47,3	39,62
47,5	39,625
47,7	39,605
47,9	39,6
48,1	39,63
48,3	39,585
48,5	39,557
48,7	39,635
48,9	39,579
49,1	39,59
49,3	39,63
49,5	39,595
49,7	39,625
49,9	39,64
50,1	39,595
50,3	39,574
50,5	39,605
50,7	39,595
50,9	39,59
51,1	39,59
51,3	39,59
51,5	39,584
51,7	39,62
51,9	39,59
52,1	39,605
52,3	39,598
52,5	39,61
52,7	39,61
52,9	39,675
53,1	39,63
53,3	39,594
53,5	39,6
53,7	39,59
53,9	39,59
54,1	39,585
54,3	39,59
54,5	39,59
54,7	39,59
54,9	39,563
55,1	39,59
55,3	39,59
55,5	39,605
55,7	39,595
55,9	39,59
56,1	39,59
56,3	39,552
56,5	39,546
56,7	39,59
56,9	39,6
57,1	39,594
57,3	39,584
57,5	39,59
57,7	39,579
57,9	39,59
58,1	39,573
58,3	39,59
58,5	39,579
58,7	39,579
58,9	39,585
59,1	39,63
59,3	39,59
59,5	39,599
59,7	39,635
59,9	39,6
60,1	39,625
60,3	39,59
60,5	39,595
60,7	39,579
60,9	39,584
61,1	39,595
61,3	39,6
61,5	39,59
61,7	39,579
61,9	39,645
62,1	39,64
62,3	39,59
62,5	39,625
62,7	39,579
62,9	39,63
63,1	39,605
63,3	39,625
63,5	39,605
63,7	39,595
63,9	39,62
64,1	39,59
64,3	39,615
64,5	39,665
64,7	39,66
64,9	39,65
65,1	39,665
65,3	39,615
65,5	39,66
65,7	39,615
65,9	39,61
66,1	39,62
66,3	39,583
66,5	39,65
66,7	39,608
66,9	39,584
67,1	39,615
67,3	39,625
67,5	39,595
67,7	39,62
67,9	39,595
68,1	39,6
68,3	39,6
68,5	39,574
68,7	39,59
68,9	39,59
69,1	39,6
69,3	39,587
69,5	39,573
69,7	39,595
69,9	39,579
70,1	39,567
70,3	39,625
70,5	39,615
70,7	39,61
70,9	39,595
71,1	39,595
71,3	39,6
71,5	39,61
71,7	39,595
71,9	39,615
72,1	39,619
72,3	39,64
72,5	39,655
72,7	39,6
72,9	39,62
73,1	39,6
73,3	39,585
73,5	39,59
73,7	39,645
73,9	39,62
74,1	39,635
74,3	39,595
74,5	39,574
74,7	39,645
74,9	39,665
75,1	39,595
75,3	39,615
75,5	39,578
75,7	39,615
75,9	39,583
76,1	39,635
76,3	39,579
76,5	39,535
76,7	39,62
76,9	39,615
77,1	39,59
77,3	39,589
77,5	39,572
77,7	39,62
77,9	39,62
78,1	39,625
78,3	39,584
78,5	39,585
78,7	39,64
78,9	39,59
79,1	39,635
79,3	39,594
79,5	39,6
79,7	39,574
79,9	39,64
80,1	39,62
80,3	39,64
80,5	39,579
80,7	39,62
80,9	39,605
81,1	39,59
81,3	39,552
81,5	39,579
81,7	39,625
81,9	39,59
82,1	39,574
82,3	39,59
82,5	39,579
82,7	39,59
82,9	39,568
83,1	39,595
83,3	39,635
83,5	39,579
83,7	39,6
83,9	39,605
84,1	39,579
84,3	39,595
84,5	39,59
84,7	39,61
84,9	39,625
85,1	39,584
85,3	39,595
85,5	39,61
85,7	39,53
85,9	39,585
86,1	39,6
86,3	39,568
86,5	39,563
86,7	39,557
86,9	39,595
87,1	39,59
87,3	39,59
87,5	39,578
87,7	39,59
87,9	39,595
88,1	39,585
88,3	39,604
88,5	39,595
88,7	39,59
88,9	39,61
89,1	39,64
89,3	39,589
89,5	39,605
89,7	39,574
89,9	39,62
90,1	39,63
90,3	39,59
90,5	39,59
90,7	39,579
90,9	39,61
91,1	39,6
91,3	39,625
91,5	39,6
91,7	39,64
91,9	39,573
92,1	39,605
92,3	39,615
92,5	39,61
92,7	39,625
92,9	39,59
93,1	39,6
93,3	39,582
93,5	39,579
93,7	39,589
93,9	39,59
94,1	39,59
94,3	39,585
94,5	39,585
94,7	39,589
94,9	39,63
95,1	39,6
95,3	39,62
95,5	39,595
95,7	39,563
95,9	39,605
96,1	39,625
96,3	39,61
96,5	39,605
96,7	39,62
96,9	39,59
97,1	39,61
97,3	39,62
97,5	39,568
97,7	39,557
97,9	39,59
98,1	39,595
98,3	39,6
98,5	39,59
98,7	39,595
98,9	39,6
99,1	39,65
99,3	39,615
99,5	39,59
99,7	39,62
99,9	39,63
100,1	39,605
100,3	39,582
100,5	39,599
100,7	39,6
100,9	39,64
101,1	39,595
101,3	39,608
101,5	39,59
101,7	39,595
101,9	39,595
102,1	39,595
102,3	39,585
102,5	39,62
102,7	39,594
102,9	39,59
103,1	39,595
103,3	39,562
103,5	39,574
103,7	39,59
103,9	39,568
104,1	39,595
104,3	39,6
104,5	39,61
104,7	39,618
104,9	39,594
105,1	39,645
105,3	39,605
105,5	39,675
105,7	39,63
105,9	39,62
106,1	39,64
106,3	39,635
106,5	39,6
106,7	39,6
106,9	39,568
107,1	39,61
107,3	39,625
107,5	39,573
107,7	39,6
107,9	39,605
108,1	39,62
108,3	39,625
108,5	39,59
108,7	39,61
108,9	39,579
109,1	39,59
109,3	39,59
109,5	39,563
109,7	39,6
109,9	39,59
110,1	39,59
110,3	39,605
110,5	39,61
110,7	39,6
110,9	39,524
111,1	39,59
111,3	39,579
111,5	39,585
111,7	39,59
111,9	39,625
112,1	39,59
112,3	39,595
112,5	39,568
112,7	39,574
112,9	39,589
113,1	39,579
113,3	39,557
113,5	39,59
113,7	39,589
113,9	39,59
114,1	39,585
114,3	39,595
114,5	39,59
114,7	39,59
114,9	39,59
115,1	39,635
115,3	39,585
115,5	39,59
115,7	39,59
115,9	39,59
116,1	39,605
116,3	39,61
116,5	39,588
116,7	39,574
116,9	39,59
117,1	39,579
117,3	39,574
117,5	39,595
117,7	39,59
117,9	39,605
118,1	39,574
118,3	39,557
118,5	39,568
118,7	39,574
118,9	39,595
119,1	39,59
119,3	39,615
119,5	39,625
119,7	39,615
119,9	39,6
120,1	39,605
120,3	39,59
120,5	39,594
120,7	39,6
120,9	39,61
121,1	39,59
121,3	39,599
121,5	39,59
121,7	39,605
121,9	39,605
122,1	39,585
122,3	39,59
122,5	39,595
122,7	39,59
122,9	39,589
123,1	39,599
123,3	39,6
123,5	39,6
123,7	39,59
123,9	39,604
124,1	39,63
124,3	39,59
124,5	39,583
124,7	39,585
124,9	39,595
125,1	39,59
125,3	39,59
125,5	39,6
125,7	39,595
125,9	39,59
126,1	39,625
126,3	39,589
126,5	39,594
126,7	39,589
126,9	39,589
127,1	39,62
127,3	39,595
127,5	39,615
127,7	39,605
127,9	39,6
128,1	39,6
128,3	39,568
128,5	39,59
128,7	39,595
128,9	39,59
129,1	39,59
129,3	39,59
129,5	39,593
129,7	39,574
129,9	39,59
130,1	39,59
130,3	39,605
130,5	39,63
130,7	39,594
130,9	39,6
131,1	39,59
131,3	39,6
131,5	39,59
131,7	39,6
131,9	39,568
132,1	39,574
132,3	39,59
132,5	39,563
132,7	39,585
132,9	39,513
133,1	39,574
133,3	39,59
133,5	39,6
133,7	39,552
133,9	39,59
134,1	39,574
134,3	39,59
134,5	39,595
134,7	39,574
134,9	39,615
135,1	39,583
135,3	39,59
135,5	39,605
135,7	39,552
135,9	39,563
136,1	39,59
136,3	39,589
136,5	39,61
136,7	39,604
136,9	39,63
137,1	39,59
137,3	39,645
137,5	39,59
137,7	39,595
137,9	39,595
138,1	39,557
138,3	39,6
138,5	39,585
138,7	39,62
138,9	39,625
139,1	39,615
139,3	39,61
139,5	39,574
139,7	39,579
139,9	39,59
140,1	39,595
140,3	39,6
140,5	39,568
140,7	39,61
140,9	39,64
141,1	39,65
141,3	39,595
141,5	39,585
141,7	39,6
141,9	39,583
142,1	39,595
142,3	39,615
142,5	39,59
142,7	39,59
142,9	39,62
143,1	39,595
143,3	39,595
143,5	39,65
143,7	39,585
143,9	39,59
144,1	39,595
144,3	39,6
144,5	39,579
144,7	39,625
144,9	39,62
145,1	39,605
145,3	39,59
145,5	39,59
145,7	39,563
145,9	39,579
146,1	39,574
146,3	39,563
146,5	39,62
146,7	39,563
146,9	39,562
147,1	39,573
147,3	39,584
147,5	39,59
147,7	39,568
147,9	39,595
148,1	39,6
148,3	39,589
148,5	39,595
148,7	39,59
148,9	39,6
149,1	39,61
149,3	39,59
149,5	39,546
149,7	39,585
149,9	39,59
150,1	39,579
150,3	39,568
150,5	39,62
150,7	39,585
150,9	39,59
151,1	39,563
151,3	39,625
151,5	39,6
151,7	39,59
151,9	39,595
152,1	39,557
152,3	39,585
152,5	39,625
152,7	39,585
152,9	39,563
153,1	39,614
153,3	39,595
153,5	39,615
153,7	39,6
153,9	39,59
154,1	39,557
154,3	39,595
154,5	39,595
154,7	39,59
154,9	39,574
155,1	39,557
155,3	39,6
155,5	39,585
155,7	39,568
155,9	39,585
156,1	39,59
156,3	39,546
156,5	39,585
156,7	39,573
156,9	39,579
157,1	39,59
157,3	39,552
157,5	39,6
157,7	39,59
157,9	39,563
158,1	39,573
158,3	39,59
158,5	39,579
158,7	39,6
158,9	39,585
159,1	39,62
159,3	39,605
159,5	39,63
159,7	39,64
159,9	39,62
160,1	39,605
160,3	39,605
160,5	39,615
160,7	39,605
160,9	39,6
161,1	39,605
161,3	39,615
161,5	39,625
161,7	39,584
161,9	39,62
162,1	39,584
162,3	39,6
162,5	39,59
162,7	39,625
162,9	39,61
163,1	39,604
163,3	39,595
163,5	39,585
163,7	39,585
163,9	39,645
164,1	39,595
164,3	39,579
164,5	39,589
164,7	39,63
164,9	39,625
165,1	39,61
165,3	39,59
165,5	39,635
165,7	39,59
165,9	39,6
166,1	39,595
166,3	39,59
166,5	39,605
166,7	39,605
166,9	39,685
167,1	39,615
167,3	39,615
167,5	39,635
167,7	39,59
167,9	39,59
168,1	39,59
168,3	39,594
168,5	39,6
168,7	39,6
168,9	39,63
169,1	39,59
169,3	39,64
169,5	39,645
169,7	39,615
169,9	39,59
170,1	39,615
170,3	39,619
170,5	39,59
170,7	39,59
170,9	39,645
171,1	39,605
171,3	39,599
171,5	39,6
171,7	39,588
171,9	39,573
172,1	39,579
172,3	39,59
172,5	39,59
172,7	39,609
172,9	39,62
173,1	39,6
173,3	39,563
173,5	39,59
173,7	39,584
173,9	39,595
174,1	39,59
174,3	39,59
174,5	39,59
174,7	39,6
174,9	39,619
175,1	39,61
175,3	39,59
175,5	39,63
175,7	39,595
175,9	39,59
176,1	39,59
176,3	39,574
176,5	39,615
176,7	39,59
176,9	39,625
177,1	39,595
177,3	39,595
177,5	39,59
177,7	39,59
177,9	39,579
178,1	39,61
178,3	39,557
178,5	39,59
178,7	39,59
178,9	39,59
179,1	39,584
179,3	39,62
179,5	39,59
179,7	39,595
179,9	39,577
180,1	39,595
180,3	39,62
180,5	39,595
180,7	39,635
180,9	39,615
181,1	39,568
181,3	39,655
181,5	39,594
181,7	39,595
181,9	39,605
182,1	39,595
182,3	39,59
182,5	39,585
182,7	39,59
182,9	39,59
183,1	39,63
183,3	39,615
183,5	39,625
183,7	39,595
183,9	39,61
184,1	39,6
184,3	39,635
184,5	39,6
184,7	39,59
184,9	39,6
185,1	39,6
185,3	39,595
185,5	39,59
185,7	39,63
185,9	39,65
186,1	39,594
186,3	39,6
186,5	39,635
186,7	39,6
186,9	39,614
187,1	39,615
187,3	39,6
187,5	39,61
187,7	39,6
187,9	39,605
188,1	39,61
188,3	39,605
188,5	39,62
188,7	39,605
188,9	39,635
189,1	39,615
189,3	39,595
189,5	39,625
189,7	39,62
189,9	39,6
190,1	39,59
190,3	39,597
190,5	39,6
190,7	39,574
190,9	39,59
191,1	39,579
191,3	39,541
191,5	39,615
191,7	39,59
191,9	39,585
192,1	39,595
192,3	39,59
192,5	39,63
192,7	39,557
192,9	39,605
193,1	39,59
193,3	39,579
193,5	39,59
193,7	39,625
193,9	39,583
194,1	39,605
194,3	39,59
194,5	39,59
194,7	39,584
194,9	39,63
195,1	39,59
195,3	39,583
195,5	39,585
195,7	39,584
195,9	39,578
196,1	39,59
196,3	39,59
196,5	39,61
196,7	39,6
196,9	39,595
197,1	39,595
197,3	39,568
197,5	39,557
197,7	39,615
197,9	39,6
198,1	39,635
198,3	39,62
198,5	39,605
198,7	39,615
198,9	39,61
199,1	39,625
199,3	39,665
199,5	39,63
199,7	39,594
199,9	39,615
200,1	39,61
200,3	39,635
200,5	39,61
200,7	39,6
200,9	39,615
201,1	39,685
201,3	39,645
201,5	39,625
201,7	39,67
201,9	39,605
202,1	39,595
202,3	39,62
202,5	39,619
202,7	39,599
202,9	39,645
203,1	39,64
203,3	39,589
203,5	39,568
203,7	39,584
203,9	39,6
204,1	39,605
204,3	39,59
204,5	39,61
204,7	39,615
204,9	39,62
205,1	39,567
205,3	39,6
205,5	39,552
205,7	39,62
205,9	39,585
206,1	39,589
206,3	39,578
206,5	39,574
206,7	39,563
206,9	39,595
207,1	39,584
207,3	39,594
207,5	39,585
207,7	39,59
207,9	39,578
208,1	39,59
208,3	39,585
208,5	39,59
208,7	39,563
208,9	39,59
209,1	39,574
209,3	39,563
209,5	39,579
209,7	39,59
209,9	39,6
210,1	39,552
210,3	39,568
210,5	39,584
210,7	39,574
210,9	39,605
211,1	39,604
211,3	39,59
211,5	39,6
211,7	39,59
211,9	39,585
212,1	39,625
212,3	39,59
212,5	39,568
212,7	39,604
212,9	39,585
213,1	39,579
213,3	39,563
213,5	39,59
213,7	39,59
213,9	39,535
214,1	39,59
214,3	39,568
214,5	39,6
214,7	39,605
214,9	39,585
215,1	39,595
215,3	39,62
215,5	39,605
215,7	39,6
215,9	39,574
216,1	39,568
216,3	39,59
216,5	39,59
216,7	39,585
216,9	39,552
217,1	39,59
217,3	39,578
217,5	39,595
217,7	39,59
217,9	39,59
218,1	39,61
218,3	39,541
218,5	39,6
218,7	39,59
218,9	39,563
219,1	39,574
219,3	39,579
219,5	39,579
219,7	39,595
219,9	39,59
220,1	39,574
220,3	39,585
220,5	39,579
220,7	39,59
220,9	39,585
221,1	39,53
221,3	39,568
221,5	39,585
221,7	39,579
221,9	39,625
222,1	39,595
222,3	39,563
222,5	39,574
222,7	39,59
222,9	39,552
223,1	39,557
223,3	39,546
223,5	39,579
223,7	39,585
223,9	39,584
224,1	39,557
224,3	39,552
224,5	39,59
224,7	39,6
224,9	39,557
225,1	39,568
225,3	39,574
225,5	39,557
225,7	39,584
225,9	39,645
226,1	39,585
226,3	39,6
226,5	39,574
226,7	39,557
226,9	39,578
227,1	39,59
227,3	39,635
227,5	39,609
227,7	39,605
227,9	39,63
228,1	39,563
228,3	39,599
228,5	39,595
228,7	39,579
228,9	39,59
229,1	39,563
229,3	39,595
229,5	39,59
229,7	39,557
229,9	39,59
230,1	39,579
230,3	39,557
230,5	39,563
230,7	39,579
230,9	39,574
231,1	39,615
231,3	39,59
231,5	39,546
231,7	39,585
231,9	39,568
232,1	39,6
232,3	39,584
232,5	39,59
232,7	39,574
232,9	39,584
233,1	39,585
233,3	39,585
233,5	39,546
233,7	39,557
233,9	39,595
234,1	39,6
234,3	39,568
234,5	39,585
234,7	39,589
234,9	39,585
235,1	39,574
235,3	39,585
235,5	39,563
235,7	39,535
235,9	39,625
236,1	39,595
236,3	39,635
236,5	39,59
236,7	39,625
236,9	39,59
237,1	39,59
237,3	39,59
237,5	39,585
237,7	39,574
237,9	39,59
238,1	39,584
238,3	39,584
238,5	39,59
238,7	39,59
238,9	39,6
239,1	39,557
239,3	39,574
239,5	39,584
239,7	39,59
239,9	39,59
240,1	39,59
240,3	39,59
240,5	39,579
240,7	39,552
240,9	39,59
241,1	39,59
241,3	39,59
241,5	39,585
241,7	39,6
241,9	39,59
242,1	39,557
242,3	39,568
242,5	39,563
242,7	39,595
242,9	39,59
243,1	39,579
243,3	39,585
243,5	39,574
243,7	39,604
243,9	39,59
244,1	39,585
244,3	39,59
244,5	39,563
244,7	39,59
244,9	39,585
245,1	39,59
245,3	39,599
245,5	39,585
245,7	39,59
245,9	39,574
246,1	39,573
246,3	39,579
246,5	39,595
246,7	39,573
246,9	39,6
247,1	39,615
247,3	39,595
247,5	39,59
247,7	39,605
247,9	39,64
248,1	39,605
248,3	39,61
248,5	39,59
248,7	39,59
248,9	39,6
249,1	39,574
249,3	39,6
249,5	39,61
249,7	39,557
249,9	39,59
250,1	39,563
250,3	39,585
250,5	39,635
250,7	39,568
250,9	39,59
251,1	39,59
251,3	39,583
251,5	39,615
251,7	39,59
251,9	39,61
252,1	39,61
252,3	39,625
252,5	39,595
252,7	39,59
252,9	39,585
253,1	39,585
253,3	39,579
253,5	39,574
253,7	39,59
253,9	39,605
254,1	39,605
254,3	39,59
254,5	39,579
254,7	39,605
254,9	39,574
255,1	39,546
255,3	39,59
255,5	39,557
255,7	39,6
255,9	39,605
256,1	39,595
256,3	39,59
256,5	39,573
256,7	39,541
256,9	39,574
257,1	39,594
257,3	39,557
257,5	39,546
257,7	39,552
257,9	39,595
258,1	39,59
258,3	39,552
258,5	39,557
258,7	39,595
258,9	39,579
259,1	39,59
259,3	39,529
259,5	39,578
259,7	39,589
259,9	39,6
260,1	39,644
260,3	39,573
260,5	39,59
260,7	39,61
260,9	39,61
261,1	39,625
261,3	39,615
261,5	39,6
261,7	39,615
261,9	39,63
262,1	39,615
262,3	39,595
262,5	39,61
262,7	39,6
262,9	39,64
263,1	39,563
263,3	39,552
263,5	39,59
263,7	39,6
263,9	39,59
264,1	39,552
264,3	39,546
264,5	39,59
264,7	39,615
264,9	39,574
265,1	39,605
265,3	39,605
265,5	39,568
265,7	39,615
265,9	39,59
266,1	39,59
266,3	39,574
266,5	39,595
266,7	39,6
266,9	39,6
267,1	39,546
267,3	39,574
267,5	39,589
267,7	39,595
267,9	39,579
268,1	39,595
268,3	39,605
268,5	39,583
268,7	39,615
268,9	39,59
269,1	39,59
269,3	39,579
269,5	39,59
269,7	39,59
269,9	39,615
270,1	39,6
270,3	39,595
270,5	39,524
270,7	39,557
270,9	39,568
271,1	39,574
271,3	39,59
271,5	39,563
271,7	39,59
271,9	39,59
272,1	39,59
272,3	39,552
272,5	39,541
272,7	39,563
272,9	39,557
273,1	39,59
273,3	39,595
273,5	39,59
273,7	39,59
273,9	39,563
274,1	39,53
274,3	39,568
274,5	39,593
274,7	39,595
274,9	39,594
275,1	39,568
275,3	39,605
275,5	39,546
275,7	39,557
275,9	39,595
276,1	39,59
276,3	39,497
276,5	39,574
276,7	39,59
276,9	39,59
277,1	39,574
277,3	39,59
277,5	39,625
277,7	39,579
277,9	39,574
278,1	39,61
278,3	39,61
278,5	39,573
278,7	39,59
278,9	39,563
279,1	39,552
279,3	39,563
279,5	39,59
279,7	39,585
279,9	39,585
280,1	39,6
280,3	39,59
280,5	39,574
280,7	39,605
280,9	39,579
281,1	39,59
281,3	39,605
281,5	39,59
281,7	39,568
281,9	39,584
282,1	39,545
282,3	39,59
282,5	39,568
282,7	39,59
282,9	39,552
283,1	39,568
283,3	39,585
283,5	39,59
283,7	39,599
283,9	39,63
284,1	39,65
284,3	39,605
284,5	39,6
284,7	39,574
284,9	39,594
285,1	39,595
285,3	39,625
285,5	39,6
285,7	39,568
285,9	39,59
286,1	39,59
286,3	39,59
286,5	39,585
286,7	39,579
286,9	39,59
287,1	39,605
287,3	39,577
287,5	39,6
287,7	39,605
287,9	39,615
288,1	39,64
288,3	39,61
288,5	39,585
288,7	39,614
288,9	39,62
289,1	39,615
289,3	39,665
289,5	39,64
289,7	39,64
289,9	39,615
290,1	39,65
290,3	39,645
290,5	39,61
290,7	39,585
290,9	39,625
291,1	39,594
291,3	39,6
291,5	39,63
291,7	39,595
291,9	39,66
292,1	39,615
292,3	39,615
292,5	39,615
292,7	39,6
292,9	39,6
293,1	39,615
293,3	39,625
293,5	39,605
293,7	39,66
293,9	39,595
294,1	39,59
294,3	39,59
294,5	39,61
294,7	39,64
294,9	39,6
295,1	39,595
295,3	39,585
295,5	39,6
295,7	39,605
295,9	39,6
296,1	39,625
296,3	39,557
296,5	39,552
296,7	39,59
296,9	39,605
297,1	39,574
297,3	39,585
297,5	39,59
297,7	39,6
297,9	39,6
298,1	39,59
298,3	39,605
298,5	39,579
298,7	39,6
298,9	39,563
299,1	39,579
299,3	39,59
299,5	39,589
299,7	39,59
299,9	39,609
300,1	39,6
300,3	39,59
300,5	39,562
300,7	39,595
300,9	39,595
301,1	39,605
301,3	39,59
301,5	39,61
301,7	39,63
301,9	39,59
302,1	39,59
302,3	39,675
302,5	39,63
302,7	39,557
302,9	39,59
303,1	39,63
303,3	39,6
303,5	39,579
303,7	39,62
303,9	39,655
304,1	39,615
304,3	39,65
304,5	39,635
304,7	39,6
304,9	39,59
305,1	39,59
305,3	39,6
305,5	39,6
305,7	39,53
305,9	39,59
306,1	39,59
306,3	39,585
306,5	39,568
306,7	39,6
306,9	39,59
307,1	39,551
307,3	39,595
307,5	39,59
307,7	39,585
307,9	39,552
308,1	39,557
308,3	39,59
308,5	39,59
308,7	39,59
308,9	39,59
309,1	39,59
309,3	39,6
309,5	39,579
309,7	39,6
309,9	39,566
310,1	39,6
310,3	39,6
310,5	39,59
310,7	39,585
310,9	39,579
311,1	39,579
311,3	39,557
311,5	39,579
311,7	39,574
311,9	39,62
312,1	39,579
312,3	39,624
312,5	39,61
312,7	39,579
312,9	39,605
313,1	39,573
313,3	39,563
313,5	39,579
313,7	39,583
313,9	39,583
314,1	39,535
314,3	39,585
314,5	39,557
314,7	39,585
314,9	39,579
315,1	39,585
315,3	39,595
315,5	39,557
315,7	39,595
315,9	39,6
316,1	39,585
316,3	39,59
316,5	39,59
316,7	39,546
316,9	39,6
317,1	39,585
317,3	39,589
317,5	39,574
317,7	39,579
317,9	39,574
318,1	39,595
318,3	39,59
318,5	39,563
318,7	39,635
318,9	39,59
319,1	39,59
319,3	39,605
319,5	39,585
319,7	39,619
319,9	39,59
320,1	39,59
320,3	39,59
320,5	39,604
320,7	39,579
320,9	39,595
321,1	39,59
321,3	39,595
321,5	39,585
321,7	39,568
321,9	39,605
322,1	39,64
322,3	39,595
322,5	39,61
322,7	39,584
322,9	39,615
323,1	39,59
323,3	39,588
323,5	39,59
323,7	39,6
323,9	39,59
324,1	39,59
324,3	39,625
324,5	39,62
324,7	39,59
324,9	39,59
325,1	39,615
325,3	39,635
325,5	39,589
325,7	39,625
325,9	39,59
326,1	39,629
326,3	39,625
326,5	39,625
326,7	39,599
326,9	39,63
327,1	39,59
327,3	39,585
327,5	39,579
327,7	39,59
327,9	39,541
328,1	39,585
328,3	39,605
328,5	39,595
328,7	39,574
328,9	39,59
329,1	39,584
329,3	39,585
329,5	39,59
329,7	39,585
329,9	39,594
330,1	39,585
330,3	39,59
330,5	39,585
330,7	39,605
330,9	39,561
331,1	39,62
331,3	39,6
331,5	39,574
331,7	39,579
331,9	39,59
332,1	39,557
332,3	39,615
332,5	39,59
332,7	39,59
332,9	39,53
333,1	39,595
333,3	39,585
333,5	39,583
333,7	39,6
333,9	39,59
334,1	39,59
334,3	39,665
334,5	39,655
334,7	39,594
334,9	39,59
335,1	39,61
335,3	39,546
335,5	39,557
335,7	39,595
335,9	39,589
336,1	39,59
336,3	39,59
336,5	39,574
336,7	39,59
336,9	39,59
337,1	39,6
337,3	39,557
337,5	39,53
337,7	39,568
337,9	39,574
338,1	39,595
338,3	39,625
338,5	39,605
338,7	39,579
338,9	39,552
339,1	39,583
339,3	39,584
339,5	39,59
339,7	39,595
339,9	39,615
340,1	39,6
340,3	39,6
340,5	39,64
340,7	39,568
340,9	39,64
341,1	39,63
341,3	39,65
341,5	39,615
341,7	39,64
341,9	39,62
342,1	39,585
342,3	39,588
342,5	39,59
342,7	39,579
342,9	39,59
343,1	39,615
343,3	39,605
343,5	39,579
343,7	39,625
343,9	39,59
344,1	39,593
344,3	39,62
344,5	39,59
344,7	39,62
344,9	39,589
345,1	39,59
345,3	39,59
345,5	39,59
345,7	39,585
345,9	39,61
346,1	39,59
346,3	39,552
346,5	39,62
346,7	39,552
346,9	39,574
347,1	39,535
347,3	39,574
347,5	39,595
347,7	39,574
347,9	39,552
348,1	39,585
348,3	39,585
348,5	39,6
348,7	39,59
348,9	39,585
349,1	39,579
349,3	39,535
349,5	39,585
349,7	39,568
349,9	39,579
350,1	39,535
350,3	39,59
350,5	39,59
350,7	39,59
350,9	39,59
351,1	39,568
351,3	39,595
351,5	39,59
351,7	39,595
351,9	39,59
352,1	39,59
352,3	39,59
352,5	39,59
352,7	39,595
352,9	39,568
353,1	39,625
353,3	39,605
353,5	39,59
353,7	39,574
353,9	39,59
354,1	39,59
354,3	39,594
354,5	39,562
354,7	39,59
354,9	39,615
355,1	39,595
355,3	39,61
355,5	39,534
355,7	39,59
355,9	39,62
356,1	39,567
356,3	39,605
356,5	39,6
356,7	39,59
356,9	39,579
357,1	39,59
357,3	39,552
357,5	39,595
357,7	39,595
357,9	39,563
358,1	39,557
358,3	39,585
358,5	39,59
358,7	39,568
358,9	39,588
359,1	39,6
359,3	39,615
359,5	39,59
359,7	39,595
359,9	39,552
360,1	39,585
360,3	39,585
360,5	39,59
360,7	39,6
360,9	39,61
361,1	39,595
361,3	39,615
361,5	39,585
361,7	39,585
361,9	39,61
362,1	39,59
362,3	39,605
362,5	39,61
362,7	39,61
362,9	39,605
363,1	39,585
363,3	39,59
363,5	39,557
363,7	39,605
363,9	39,6
364,1	39,59
364,3	39,59
364,5	39,615
364,7	39,59
364,9	39,585
365,1	39,595
365,3	39,595
365,5	39,59
365,7	39,61
365,9	39,59
366,1	39,595
366,3	39,635
366,5	39,595
366,7	39,574
366,9	39,588
367,1	39,557
367,3	39,59
367,5	39,61
367,7	39,59
367,9	39,573
368,1	39,63
368,3	39,574
368,5	39,6
368,7	39,645
368,9	39,595
369,1	39,59
369,3	39,615
369,5	39,584
369,7	39,605
369,9	39,585
370,1	39,578
370,3	39,635
370,5	39,61
370,7	39,63
370,9	39,61
371,1	39,635
371,3	39,61
371,5	39,588
371,7	39,585
371,9	39,574
372,1	39,595
372,3	39,625
372,5	39,595
372,7	39,61
372,9	39,59
373,1	39,59
373,3	39,579
373,5	39,574
373,7	39,585
373,9	39,605
374,1	39,62
374,3	39,6
374,5	39,635
374,7	39,59
374,9	39,635
375,1	39,59
375,3	39,585
375,5	39,585
375,7	39,557
375,9	39,635
376,1	39,61
376,3	39,605
376,5	39,562
376,7	39,62
376,9	39,6
377,1	39,6
377,3	39,557
377,5	39,59
377,7	39,605
377,9	39,557
378,1	39,573
378,3	39,585
378,5	39,584
378,7	39,61
378,9	39,589
379,1	39,595
379,3	39,584
379,5	39,568
379,7	39,574
379,9	39,563
380,1	39,579
380,3	39,59
380,5	39,59
380,7	39,6
380,9	39,567
381,1	39,513
381,3	39,557
381,5	39,552
381,7	39,563
381,9	39,59
382,1	39,59
382,3	39,6
382,5	39,578
382,7	39,625
382,9	39,63
383,1	39,574
383,3	39,61
383,5	39,595
383,7	39,585
383,9	39,568
384,1	39,59
384,3	39,6
384,5	39,595
384,7	39,6
384,9	39,6
385,1	39,595
385,3	39,6
385,5	39,625
385,7	39,574
385,9	39,574
386,1	39,625
386,3	39,585
386,5	39,552
386,7	39,605
386,9	39,62
387,1	39,6
387,3	39,605
387,5	39,563
387,7	39,579
387,9	39,579
388,1	39,61
388,3	39,574
388,5	39,59
388,7	39,585
388,9	39,59
389,1	39,59
389,3	39,579
389,5	39,557
389,7	39,568
389,9	39,552
390,1	39,59
390,3	39,59
390,5	39,59
390,7	39,585
390,9	39,579
391,1	39,567
391,3	39,574
391,5	39,59
391,7	39,59
391,9	39,605
392,1	39,605
392,3	39,568
392,5	39,585
392,7	39,595
392,9	39,6
393,1	39,579
393,3	39,59
393,5	39,61
393,7	39,578
393,9	39,62
394,1	39,63
394,3	39,585
394,5	39,59
394,7	39,552
394,9	39,59
395,1	39,59
395,3	39,59
395,5	39,579
395,7	39,6
395,9	39,625
396,1	39,605
396,3	39,62
396,5	39,59
396,7	39,59
396,9	39,62
397,1	39,59
397,3	39,589
397,5	39,595
397,7	39,599
397,9	39,552
398,1	39,585
398,3	39,66
398,5	39,6
398,7	39,59
398,9	39,552
399,1	39,585
399,3	39,568
399,5	39,6
399,7	39,62
399,9	39,589
400,1	39,6
400,3	39,584
400,5	39,568
400,7	39,65
400,9	39,62
401,1	39,6
401,3	39,603
401,5	39,64
401,7	39,635
401,9	39,645
402,1	39,635
402,3	39,63
402,5	39,625
402,7	39,63
402,9	39,557
403,1	39,615
403,3	39,59
403,5	39,645
403,7	39,62
403,9	39,645
404,1	39,63
404,3	39,64
404,5	39,615
404,7	39,61
404,9	39,64
405,1	39,605
405,3	39,61
405,5	39,595
405,7	39,625
405,9	39,59
406,1	39,59
406,3	39,59
406,5	39,6
406,7	39,6
406,9	39,61
407,1	39,619
407,3	39,568
407,5	39,579
407,7	39,61
407,9	39,59
408,1	39,59
408,3	39,59
408,5	39,546
408,7	39,595
408,9	39,59
409,1	39,563
409,3	39,579
409,5	39,595
409,7	39,59
409,9	39,595
410,1	39,595
410,3	39,605
410,5	39,59
410,7	39,585
410,9	39,568
411,1	39,585
411,3	39,574
411,5	39,59
411,7	39,61
411,9	39,61
412,1	39,6
412,3	39,595
412,5	39,605
412,7	39,64
412,9	39,579
413,1	39,595
413,3	39,6
413,5	39,615
413,7	39,579
413,9	39,63
414,1	39,62
414,3	39,6
414,5	39,605
414,7	39,589
414,9	39,579
415,1	39,615
415,3	39,595
415,5	39,605
415,7	39,593
415,9	39,625
416,1	39,625
416,3	39,64
416,5	39,63
416,7	39,59
416,9	39,67
417,1	39,635
417,3	39,635
417,5	39,635
417,7	39,62
417,9	39,65
418,1	39,68
418,3	39,62
418,5	39,62
418,7	39,645
418,9	39,625
419,1	39,67
419,3	39,645
419,5	39,59
419,7	39,62
419,9	39,635
420,1	39,6
420,3	39,605
420,5	39,585
420,7	39,625
420,9	39,635
421,1	39,635
421,3	39,615
421,5	39,59
421,7	39,59
421,9	39,6
422,1	39,62
422,3	39,614
422,5	39,615
422,7	39,6
422,9	39,62
423,1	39,605
423,3	39,61
423,5	39,645
423,7	39,635
423,9	39,63
424,1	39,62
424,3	39,645
424,5	39,6
424,7	39,615
424,9	39,615
425,1	39,635
425,3	39,605
425,5	39,615
425,7	39,63
425,9	39,615
426,1	39,595
426,3	39,59
426,5	39,6
426,7	39,59
426,9	39,579
427,1	39,61
427,3	39,635
427,5	39,62
427,7	39,6
427,9	39,604
428,1	39,595
428,3	39,59
428,5	39,625
428,7	39,635
428,9	39,605
429,1	39,625
429,3	39,66
429,5	39,61
429,7	39,66
429,9	39,61
430,1	39,59
430,3	39,67
430,5	39,593
430,7	39,552
430,9	39,585
431,1	39,59
431,3	39,59
431,5	39,568
431,7	39,615
431,9	39,563
432,1	39,605
432,3	39,605
432,5	39,615
432,7	39,574
432,9	39,584
433,1	39,573
433,3	39,61
433,5	39,6
433,7	39,599
433,9	39,59
434,1	39,59
434,3	39,59
434,5	39,59
434,7	39,584
434,9	39,595
435,1	39,59
435,3	39,585
435,5	39,6
435,7	39,59
435,9	39,6
436,1	39,605
436,3	39,568
436,5	39,541
436,7	39,557
436,9	39,605
437,1	39,541
437,3	39,585
437,5	39,59
437,7	39,59
437,9	39,574
438,1	39,59
438,3	39,563
438,5	39,585
438,7	39,574
438,9	39,563
439,1	39,585
439,3	39,568
439,5	39,59
439,7	39,595
439,9	39,61
440,1	39,59
440,3	39,579
440,5	39,568
440,7	39,585
440,9	39,6
441,1	39,615
441,3	39,568
441,5	39,59
441,7	39,59
441,9	39,546
442,1	39,59
442,3	39,595
442,5	39,546
442,7	39,574
442,9	39,568
443,1	39,568
443,3	39,563
443,5	39,579
443,7	39,59
443,9	39,595
444,1	39,605
444,3	39,546
444,5	39,557
444,7	39,585
444,9	39,578
445,1	39,585
445,3	39,59
445,5	39,605
445,7	39,552
445,9	39,59
446,1	39,585
446,3	39,59
446,5	39,579
446,7	39,574
446,9	39,584
447,1	39,595
447,3	39,579
447,5	39,6
447,7	39,63
447,9	39,6
448,1	39,574
448,3	39,579
448,5	39,605
448,7	39,585
448,9	39,584
449,1	39,625
449,3	39,655
449,5	39,595
449,7	39,615
449,9	39,583
450,1	39,615
450,3	39,6
450,5	39,625
450,7	39,59
450,9	39,603
451,1	39,59
451,3	39,574
451,5	39,584
451,7	39,599
451,9	39,645
452,1	39,61
452,3	39,568
452,5	39,609
452,7	39,59
452,9	39,625
453,1	39,615
453,3	39,59
453,5	39,59
453,7	39,59
453,9	39,59
454,1	39,615
454,3	39,625
454,5	39,61
454,7	39,594
454,9	39,615
455,1	39,6
455,3	39,605
455,5	39,59
455,7	39,615
455,9	39,59
456,1	39,63
456,3	39,615
456,5	39,589
456,7	39,625
456,9	39,615
457,1	39,62
457,3	39,59
457,5	39,568
457,7	39,567
457,9	39,625
458,1	39,61
458,3	39,6
458,5	39,59
458,7	39,585
458,9	39,59
459,1	39,59
459,3	39,59
459,5	39,59
459,7	39,6
459,9	39,59
460,1	39,59
460,3	39,59
460,5	39,62
460,7	39,62
460,9	39,635
461,1	39,59
461,3	39,574
461,5	39,605
461,7	39,59
461,9	39,62
462,1	39,615
462,3	39,59
462,5	39,585
462,7	39,574
462,9	39,59
463,1	39,584
463,3	39,59
463,5	39,574
463,7	39,563
463,9	39,593
464,1	39,594
464,3	39,645
464,5	39,552
464,7	39,585
464,9	39,625
465,1	39,645
465,3	39,535
465,5	39,546
465,7	39,579
465,9	39,59
466,1	39,562
466,3	39,568
466,5	39,563
466,7	39,579
466,9	39,579
467,1	39,557
467,3	39,585
467,5	39,552
467,7	39,59
467,9	39,579
468,1	39,53
468,3	39,6
468,5	39,59
468,7	39,605
468,9	39,551
469,1	39,552
469,3	39,6
469,5	39,552
469,7	39,59
469,9	39,59
470,1	39,552
470,3	39,557
470,5	39,59
470,7	39,59
470,9	39,59
471,1	39,599
471,3	39,563
471,5	39,6
471,7	39,59
471,9	39,585
472,1	39,546
472,3	39,59
472,5	39,605
472,7	39,625
472,9	39,59
473,1	39,552
473,3	39,59
473,5	39,6
473,7	39,572
473,9	39,595
474,1	39,585
474,3	39,585
474,5	39,594
474,7	39,605
474,9	39,585
475,1	39,579
475,3	39,585
475,5	39,61
475,7	39,615
475,9	39,605
476,1	39,625
476,3	39,605
476,5	39,59
476,7	39,605
476,9	39,59
477,1	39,605
477,3	39,64
477,5	39,6
477,7	39,6
477,9	39,605
478,1	39,595
478,3	39,59
478,5	39,62
478,7	39,605
478,9	39,635
479,1	39,63
479,3	39,59
479,5	39,615
479,7	39,605
479,9	39,585
480,1	39,59
480,3	39,61
480,5	39,59
480,7	39,59
480,9	39,59
481,1	39,6
481,3	39,605
481,5	39,665
481,7	39,625
481,9	39,645
482,1	39,665
482,3	39,598
482,5	39,675
482,7	39,625
482,9	39,645
483,1	39,62
483,3	39,6
483,5	39,59
483,7	39,63
483,9	39,589
484,1	39,579
484,3	39,59
484,5	39,605
484,7	39,595
484,9	39,605
485,1	39,584
485,3	39,6
485,5	39,59
485,7	39,6
485,9	39,6
486,1	39,568
486,3	39,59
486,5	39,585
486,7	39,61
486,9	39,615
487,1	39,62
487,3	39,6
487,5	39,65
487,7	39,64
487,9	39,615
488,1	39,665
488,3	39,675
488,5	39,645
488,7	39,645
488,9	39,599
489,1	39,65
489,3	39,65
489,5	39,635
489,7	39,595
489,9	39,574
490,1	39,557
490,3	39,578
490,5	39,63
490,7	39,605
490,9	39,605
491,1	39,6
491,3	39,6
491,5	39,61
491,7	39,595
491,9	39,585
492,1	39,62
492,3	39,59
492,5	39,65
492,7	39,595
492,9	39,6
493,1	39,59
493,3	39,583
493,5	39,59
493,7	39,546
493,9	39,579
494,1	39,59
494,3	39,61
494,5	39,63
494,7	39,574
494,9	39,59
495,1	39,63
495,3	39,615
495,5	39,595
495,7	39,595
495,9	39,635
496,1	39,59
496,3	39,63
496,5	39,605
496,7	39,563
496,9	39,59
497,1	39,599
497,3	39,64
497,5	39,615
497,7	39,552
497,9	39,579
498,1	39,59
498,3	39,59
498,5	39,66
498,7	39,595
498,9	39,585
499,1	39,59
499,3	39,568
499,5	39,595
499,7	39,59
499,9	39,59
500,1	39,59
500,3	39,557
500,5	39,557
500,7	39,579
500,9	39,556
501,1	39,589
501,3	39,574
501,5	39,583
501,7	39,59
501,9	39,579
502,1	39,59
502,3	39,563
502,5	39,59
502,7	39,59
502,9	39,595
503,1	39,585
503,3	39,59
503,5	39,585
503,7	39,59
503,9	39,605
504,1	39,579
504,3	39,541
504,5	39,546
504,7	39,585
504,9	39,61
505,1	39,579
505,3	39,585
505,5	39,59
505,7	39,6
505,9	39,579
506,1	39,574
506,3	39,585
506,5	39,585
506,7	39,585
506,9	39,63
507,1	39,59
507,3	39,6
507,5	39,59
507,7	39,585
507,9	39,535
508,1	39,513
508,3	39,59
508,5	39,585
508,7	39,585
508,9	39,557
509,1	39,574
509,3	39,59
509,5	39,59
509,7	39,535
509,9	39,568
510,1	39,568
510,3	39,574
510,5	39,59
510,7	39,579
510,9	39,563
511,1	39,589
511,3	39,605
511,5	39,59
511,7	39,557
511,9	39,595
512,1	39,61
512,3	39,63
512,5	39,595
512,7	39,595
512,9	39,6
513,1	39,59
513,3	39,59
513,5	39,615
513,7	39,567
513,9	39,574
514,1	39,568
514,3	39,63
514,5	39,579
514,7	39,546
514,9	39,573
515,1	39,585
515,3	39,584
515,5	39,568
515,7	39,59
515,9	39,579
516,1	39,524
516,3	39,585
516,5	39,59
516,7	39,568
516,9	39,562
517,1	39,6
517,3	39,579
517,5	39,59
517,7	39,557
517,9	39,6
518,1	39,605
518,3	39,585
518,5	39,59
518,7	39,59
518,9	39,576
519,1	39,584
519,3	39,595
519,5	39,61
519,7	39,59
519,9	39,615
520,1	39,579
520,3	39,59
520,5	39,595
520,7	39,59
520,9	39,585
521,1	39,579
521,3	39,585
521,5	39,557
521,7	39,61
521,9	39,605
522,1	39,605
522,3	39,562
522,5	39,588
522,7	39,552
522,9	39,574
523,1	39,574
523,3	39,635
523,5	39,604
523,7	39,61
523,9	39,585
524,1	39,546
524,3	39,574
524,5	39,546
524,7	39,585
524,9	39,59
525,1	39,59
525,3	39,573
525,5	39,59
525,7	39,552
525,9	39,513
526,1	39,513
526,3	39,563
526,5	39,546
526,7	39,546
526,9	39,585
527,1	39,584
527,3	39,595
527,5	39,552
527,7	39,53
527,9	39,578
528,1	39,552
528,3	39,59
528,5	39,589
528,7	39,579
528,9	39,574
529,1	39,59
529,3	39,61
529,5	39,59
529,7	39,595
529,9	39,62
530,1	39,615
530,3	39,605
530,5	39,65
530,7	39,66
530,9	39,64
531,1	39,61
531,3	39,63
531,5	39,59
531,7	39,563
531,9	39,584
532,1	39,604
532,3	39,615
532,5	39,6
532,7	39,584
532,9	39,595
533,1	39,585
533,3	39,615
533,5	39,59
533,7	39,574
533,9	39,605
534,1	39,6
534,3	39,563
534,5	39,578
534,7	39,6
534,9	39,59
535,1	39,605
535,3	39,61
535,5	39,585
535,7	39,63
535,9	39,605
536,1	39,6
536,3	39,574
536,5	39,6
536,7	39,6
536,9	39,59
537,1	39,59
537,3	39,557
537,5	39,595
537,7	39,61
537,9	39,584
538,1	39,625
538,3	39,579
538,5	39,59
538,7	39,568
538,9	39,585
539,1	39,59
539,3	39,546
539,5	39,595
539,7	39,595
539,9	39,583
540,1	39,535
540,3	39,595
540,5	39,59
540,7	39,574
540,9	39,585
541,1	39,595
541,3	39,599
541,5	39,59
541,7	39,59
541,9	39,59
542,1	39,563
542,3	39,605
542,5	39,63
542,7	39,625
542,9	39,546
543,1	39,59
543,3	39,6
543,5	39,574
543,7	39,574
543,9	39,557
544,1	39,557
544,3	39,579
544,5	39,585
544,7	39,502
544,9	39,62
545,1	39,574
545,3	39,557
545,5	39,568
545,7	39,59
545,9	39,551
546,1	39,579
546,3	39,585
546,5	39,585
546,7	39,595
546,9	39,59
547,1	39,584
547,3	39,6
547,5	39,563
547,7	39,59
547,9	39,585
548,1	39,59
548,3	39,605
548,5	39,59
548,7	39,605
548,9	39,568
549,1	39,574
549,3	39,59
549,5	39,563
549,7	39,59
549,9	39,546
550,1	39,568
550,3	39,595
550,5	39,585
550,7	39,568
550,9	39,557
551,1	39,594
551,3	39,59
551,5	39,574
551,7	39,563
551,9	39,574
552,1	39,563
552,3	39,574
552,5	39,61
552,7	39,59
552,9	39,6
553,1	39,62
553,3	39,59
553,5	39,573
553,7	39,573
553,9	39,6
554,1	39,625
554,3	39,63
554,5	39,62
554,7	39,6
554,9	39,585
555,1	39,574
555,3	39,585
555,5	39,579
555,7	39,59
555,9	39,595
556,1	39,6
556,3	39,615
556,5	39,563
556,7	39,552
556,9	39,59
557,1	39,61
557,3	39,563
557,5	39,59
557,7	39,59
557,9	39,595
558,1	39,62
558,3	39,579
558,5	39,62
558,7	39,59
558,9	39,59
559,1	39,605
559,3	39,615
559,5	39,585
559,7	39,59
559,9	39,605
560,1	39,6
560,3	39,59
560,5	39,59
560,7	39,588
560,9	39,59
561,1	39,63
561,3	39,625
561,5	39,584
561,7	39,579
561,9	39,595
562,1	39,563
562,3	39,595
562,5	39,595
562,7	39,585
562,9	39,59
563,1	39,615
563,3	39,59
563,5	39,585
563,7	39,59
563,9	39,583
564,1	39,61
564,3	39,59
564,5	39,6
564,7	39,595
564,9	39,625
565,1	39,595
565,3	39,635
565,5	39,59
565,7	39,665
565,9	39,665
566,1	39,64
566,3	39,63
566,5	39,665
566,7	39,665
566,9	39,705
567,1	39,655
567,3	39,675
567,5	39,655
567,7	39,655
567,9	39,675
568,1	39,665
568,3	39,645
568,5	39,66
568,7	39,63
568,9	39,645
569,1	39,59
569,3	39,59
569,5	39,61
569,7	39,6
569,9	39,65
570,1	39,59
570,3	39,605
570,5	39,605
570,7	39,62
570,9	39,61
571,1	39,615
571,3	39,655
571,5	39,62
571,7	39,59
571,9	39,635
572,1	39,6
572,3	39,62
572,5	39,605
572,7	39,574
572,9	39,579
573,1	39,6
573,3	39,595
573,5	39,599
573,7	39,546
573,9	39,6
574,1	39,595
574,3	39,585
574,5	39,59
574,7	39,61
574,9	39,584
575,1	39,605
575,3	39,595
575,5	39,64
575,7	39,59
575,9	39,62
576,1	39,579
576,3	39,563
576,5	39,59
576,7	39,59
576,9	39,62
577,1	39,546
577,3	39,573
577,5	39,584
577,7	39,563
577,9	39,59
578,1	39,579
578,3	39,585
578,5	39,578
578,7	39,585
578,9	39,595
579,1	39,574
579,3	39,59
579,5	39,59
579,7	39,6
579,9	39,61
580,1	39,59
580,3	39,59
580,5	39,59
580,7	39,568
580,9	39,574
581,1	39,574
581,3	39,579
581,5	39,579
581,7	39,585
581,9	39,6
582,1	39,584
582,3	39,584
582,5	39,59
582,7	39,59
582,9	39,59
583,1	39,579
583,3	39,59
583,5	39,59
583,7	39,59
583,9	39,61
584,1	39,605
584,3	39,574
584,5	39,59
584,7	39,557
584,9	39,615
585,1	39,574
585,3	39,594
585,5	39,59
585,7	39,579
585,9	39,585
586,1	39,585
586,3	39,552
586,5	39,541
586,7	39,595
586,9	39,563
587,1	39,579
587,3	39,557
587,5	39,541
587,7	39,568
587,9	39,585
588,1	39,59
588,3	39,605
588,5	39,595
588,7	39,585
588,9	39,59
589,1	39,63
589,3	39,645
589,5	39,59
589,7	39,59
589,9	39,63
590,1	39,605
590,3	39,61
590,5	39,583
590,7	39,579
590,9	39,568
591,1	39,59
591,3	39,59
591,5	39,59
591,7	39,59
591,9	39,595
592,1	39,594
592,3	39,63
592,5	39,595
592,7	39,563
592,9	39,563
593,1	39,6
593,3	39,61
593,5	39,59
593,7	39,552
593,9	39,59
594,1	39,595
594,3	39,645
594,5	39,585
594,7	39,563
594,9	39,59
595,1	39,574
595,3	39,563
595,5	39,563
595,7	39,6
595,9	39,563
596,1	39,604
596,3	39,579
596,5	39,59
596,7	39,59
596,9	39,535
597,1	39,579
597,3	39,557
597,5	39,573
597,7	39,59
597,9	39,585
598,1	39,59
598,3	39,568
598,5	39,595
598,7	39,59
598,9	39,574
599,1	39,574
599,3	39,59
599,5	39,578
599,7	39,552
599,9	39,6
600,1	39,59
600,3	39,61
600,5	39,63
600,7	39,578
600,9	39,585
601,1	39,59
601,3	39,557
601,5	39,59
601,7	39,563
601,9	39,585
602,1	39,585
602,3	39,59
602,5	39,59
602,7	39,59
602,9	39,584
603,1	39,59
603,3	39,615
603,5	39,584
603,7	39,579
603,9	39,605
604,1	39,615
604,3	39,61
604,5	39,59
604,7	39,574
604,9	39,59
605,1	39,573
605,3	39,6
605,5	39,59
605,7	39,6
605,9	39,61
606,1	39,61
606,3	39,62
606,5	39,579
606,7	39,615
606,9	39,6
607,1	39,62
607,3	39,59
607,5	39,59
607,7	39,59
607,9	39,574
608,1	39,59
608,3	39,568
608,5	39,584
608,7	39,579
608,9	39,59
609,1	39,568
609,3	39,574
609,5	39,563
609,7	39,59
609,9	39,59
610,1	39,605
610,3	39,615
610,5	39,585
610,7	39,585
610,9	39,605
611,1	39,585
611,3	39,579
611,5	39,546
611,7	39,59
611,9	39,563
612,1	39,568
612,3	39,59
612,5	39,595
612,7	39,584
612,9	39,524
613,1	39,59
613,3	39,579
613,5	39,568
613,7	39,557
613,9	39,59
614,1	39,61
614,3	39,574
614,5	39,579
614,7	39,585
614,9	39,585
615,1	39,6
615,3	39,557
615,5	39,568
615,7	39,585
615,9	39,59
616,1	39,61
616,3	39,574
616,5	39,583
616,7	39,595
616,9	39,557
617,1	39,6
617,3	39,605
617,5	39,557
617,7	39,59
617,9	39,61
618,1	39,59
618,3	39,579
618,5	39,585
618,7	39,585
618,9	39,61
619,1	39,594
619,3	39,574
619,5	39,59
619,7	39,625
619,9	39,605
620,1	39,615
620,3	39,59
620,5	39,563
620,7	39,59
620,9	39,62
621,1	39,59
621,3	39,59
621,5	39,535
621,7	39,6
621,9	39,605
622,1	39,615
622,3	39,598
622,5	39,595
622,7	39,568
622,9	39,59
623,1	39,579
623,3	39,588
623,5	39,6
623,7	39,572
623,9	39,63
624,1	39,645
624,3	39,675
624,5	39,6
624,7	39,595
624,9	39,63
625,1	39,655
625,3	39,64
625,5	39,645
625,7	39,62
625,9	39,655
626,1	39,615
626,3	39,625
626,5	39,578
626,7	39,595
626,9	39,625
627,1	39,568
627,3	39,585
627,5	39,595
627,7	39,595
627,9	39,59
628,1	39,595
628,3	39,62
628,5	39,59
628,7	39,62
628,9	39,62
629,1	39,61
629,3	39,589
629,5	39,595
629,7	39,61
629,9	39,59
630,1	39,59
630,3	39,579
630,5	39,59
630,7	39,563
630,9	39,605
631,1	39,605
631,3	39,61
631,5	39,625
631,7	39,605
631,9	39,579
632,1	39,59
632,3	39,605
632,5	39,59
632,7	39,579
632,9	39,552
633,1	39,599
633,3	39,62
633,5	39,59
633,7	39,63
633,9	39,63
634,1	39,625
634,3	39,635
634,5	39,59
634,7	39,584
634,9	39,61
635,1	39,589
635,3	39,59
635,5	39,557
635,7	39,589
635,9	39,605
636,1	39,625
636,3	39,64
636,5	39,63
636,7	39,585
636,9	39,579
637,1	39,595
637,3	39,61
637,5	39,63
637,7	39,62
637,9	39,64
638,1	39,615
638,3	39,62
638,5	39,579
638,7	39,665
638,9	39,595
639,1	39,6
639,3	39,595
639,5	39,584
639,7	39,605
639,9	39,546
640,1	39,59
640,3	39,62
640,5	39,59
640,7	39,595
640,9	39,595
641,1	39,568
641,3	39,579
641,5	39,573
641,7	39,557
641,9	39,585
642,1	39,595
