sec"    "mA"    "mV
0,716    9,8731710750144E-5    -119,00089263916
1,375    6,99855590937659E-5    -119,079643249512
2,033    6,43156017758884E-5    -119,00089263916
2,692    6,0786846006522E-5    -119,00089263916
3,35    5,87643990002107E-5    -119,00089263916
4,009    5,77336359128822E-5    -119,00089263916
4,667    5,64648471481632E-5    -119,00089263916
5,326    5,55924307263922E-5    -119,00089263916
5,984    5,50773038412444E-5    -119,00089263916
6,642    5,46408409718424E-5    -119,079643249512
7,301    5,43236419616733E-5    -119,079643249512
7,959    5,40460314368829E-5    -119,00089263916
8,618    5,38085150765255E-5    -119,00089263916
9,677    5,35704893991351E-5    -119,00089263916
10,099    5,41257140866946E-5    -119,079643249512
10,185    5,41257140866946E-5    -119,079643249512
10,271    6,15004100836813E-5    -118,527618408203
10,356    6,15004100836813E-5    -118,527618408203
10,442    6,88355285092257E-5    -117,502052307129
10,527    6,88355285092257E-5    -117,502052307129
10,613    6,88355285092257E-5    -117,502052307129
10,699    6,98267031111754E-5    -116,476745605469
10,784    6,98267031111754E-5    -116,476745605469
10,87    7,05006823409349E-5    -115,372436523438
10,956    7,05006823409349E-5    -115,372436523438
11,041    7,10954918758944E-5    -114,267868041992
11,127    7,10954918758944E-5    -114,267868041992
11,213    7,15715432306752E-5    -113,163551330566
11,299    7,15715432306752E-5    -113,163551330566
11,384    7,20866664778441E-5    -112,138244628906
11,47    7,20866664778441E-5    -112,138244628906
11,556    7,26814760128036E-5    -111,03392791748
11,641    7,26814760128036E-5    -111,03392791748
11,727    7,26814760128036E-5    -111,03392791748
11,813    7,26814760128036E-5    -111,03392791748
11,899    7,26814760128036E-5    -111,03392791748
11,985    7,33955457690172E-5    -108,90406036377
12,07    7,33955457690172E-5    -108,90406036377
12,156    7,37919181119651E-5    -107,799743652344
12,242    7,37919181119651E-5    -107,799743652344
12,327    7,41487019695342E-5    -106,774185180664
12,413    7,41487019695342E-5    -106,774185180664
12,499    7,45450670365244E-5    -105,669868469238
12,584    7,45450670365244E-5    -105,669868469238
12,67    7,49815299059264E-5    -104,565559387207
12,756    7,49815299059264E-5    -104,565559387207
12,842    7,53383137634955E-5    -103,539993286133
12,927    7,53383137634955E-5    -103,539993286133
13,013    7,53383137634955E-5    -103,539993286133
13,099    7,56950976210646E-5    -102,435684204102
13,185    7,56950976210646E-5    -102,435684204102
13,271    7,59727117838338E-5    -101,410377502441
13,356    7,59727117838338E-5    -101,410377502441
13,442    7,62102281441912E-5    -100,305809020996
13,528    7,62102281441912E-5    -100,305809020996
13,613    7,65274235163815E-5    -99,2805023193359
13,699    7,65274235163815E-5    -99,2805023193359
13,785    7,69638863857836E-5    -98,1761856079102
13,871    7,69638863857836E-5    -98,1761856079102
13,956    7,73602587287314E-5    -97,1506271362305
14,042    7,73602587287314E-5    -97,1506271362305
14,128    7,73602587287314E-5    -97,1506271362305
14,213    7,77170425863005E-5    -96,0463104248047
14,299    7,77170425863005E-5    -96,0463104248047
14,384    7,79946494731121E-5    -95,020751953125
14,47    7,79946494731121E-5    -95,020751953125
14,556    7,82326751505025E-5    -93,9954452514648
14,641    7,82326751505025E-5    -93,9954452514648
14,727    7,84707008278929E-5    -92,8911285400391
14,813    7,84707008278929E-5    -92,8911285400391
14,899    7,89066543802619E-5    -91,8655700683594
14,985    7,89066543802619E-5    -91,8655700683594
15,071    7,93030267232098E-5    -90,7612533569336
15,157    7,93030267232098E-5    -90,7612533569336
15,243    7,93030267232098E-5    -90,7612533569336
15,328    7,95014639152214E-5    -89,6569442749023
15,414    7,95014639152214E-5    -89,6569442749023
15,5    7,97394895926118E-5    -88,6313858032227
15,585    7,97394895926118E-5    -88,6313858032227
15,671    8,00566849648021E-5    -87,606071472168
15,757    8,00566849648021E-5    -87,606071472168
15,843    8,02546128397807E-5    -86,5017623901367
15,928    8,02546128397807E-5    -86,5017623901367
16,014    8,05718082119711E-5    -85,4761962890625
16,1    8,05718082119711E-5    -85,4761962890625
16,186    8,10082710813731E-5    -84,3718872070313
16,272    8,10082710813731E-5    -84,3718872070313
16,358    8,10082710813731E-5    -84,3718872070313
16,443    8,1325473729521E-5    -83,3463287353516
16,529    8,1325473729521E-5    -83,3463287353516
16,615    8,14442319096997E-5    -82,2420120239258
16,701    8,14442319096997E-5    -82,2420120239258
16,787    8,16030806163326E-5    -81,2164535522461
16,873    8,16030806163326E-5    -81,2164535522461
16,959    8,17614272818901E-5    -80,1911468505859
17,044    8,17614272818901E-5    -80,1911468505859
17,13    8,20390341687016E-5    -79,0868301391602
17,216    8,20390341687016E-5    -79,0868301391602
17,302    8,23958180262707E-5    -78,0612716674805
17,387    8,23958180262707E-5    -78,0612716674805
17,473    8,2713013398461E-5    -76,9569549560547
17,559    8,2713013398461E-5    -76,9569549560547
17,645    8,2713013398461E-5    -76,9569549560547
17,73    8,3030216046609E-5    -75,931396484375
17,816    8,3030216046609E-5    -75,931396484375
17,902    8,32682417239994E-5    -74,9060897827148
17,988    8,32682417239994E-5    -74,9060897827148
18,074    8,35062601254322E-5    -73,8017730712891
18,159    8,35062601254322E-5    -73,8017730712891
18,245    8,37437764857896E-5    -72,7762145996094
18,331    8,37437764857896E-5    -72,7762145996094
18,417    8,40213906485587E-5    -71,7506561279297
18,503    8,40213906485587E-5    -71,7506561279297
18,589    8,43385860207491E-5    -70,6463394165039
18,674    8,43385860207491E-5    -70,6463394165039
18,76    8,43385860207491E-5    -70,6463394165039
18,846    8,46953698783182E-5    -69,6210327148438
18,932    8,46953698783182E-5    -69,6210327148438
19,018    8,49333955557086E-5    -68,5954742431641
19,103    8,49333955557086E-5    -68,5954742431641
19,189    8,50922442623414E-5    -67,5699081420898
19,275    8,50922442623414E-5    -67,5699081420898
19,361    8,53693491080776E-5    -66,4655990600586
19,447    8,53693491080776E-5    -66,4655990600586
19,532    8,56865444802679E-5    -65,4402923583984
19,618    8,56865444802679E-5    -65,4402923583984
19,704    8,604383765487E-5    -64,3359756469727
19,789    8,604383765487E-5    -64,3359756469727
19,875    8,604383765487E-5    -64,3359756469727
19,961    8,62813540152274E-5    -63,3104133605957
20,047    8,62813540152274E-5    -63,3104133605957
20,133    8,64402099978179E-5    -62,284854888916
20,219    8,64402099978179E-5    -62,284854888916
20,305    8,66782283992507E-5    -61,2595481872559
20,391    8,66782283992507E-5    -61,2595481872559
20,477    8,70350122568198E-5    -60,1552314758301
20,563    8,70350122568198E-5    -60,1552314758301
20,649    8,74313845997676E-5    -59,1296730041504
20,735    8,74313845997676E-5    -59,1296730041504
20,821    8,79069266375154E-5    -58,1041107177734
20,907    8,79069266375154E-5    -58,1041107177734
20,993    8,83433895069174E-5    -56,9997978210449
21,079    8,83433895069174E-5    -56,9997978210449
21,165    8,83433895069174E-5    -56,9997978210449
21,251    8,85814151843078E-5    -55,9744911193848
21,337    8,85814151843078E-5    -55,9744911193848
21,423    8,88585127540864E-5    -54,9489288330078
21,509    8,88585127540864E-5    -54,9489288330078
21,595    8,90173687366769E-5    -53,8446159362793
21,681    8,90173687366769E-5    -53,8446159362793
21,767    8,90965384314768E-5    -52,8190574645996
21,853    8,90965384314768E-5    -52,8190574645996
21,939    8,94137338036671E-5    -51,7937469482422
22,025    8,94137338036671E-5    -51,7937469482422
22,111    8,9810106146615E-5    -50,7681884765625
22,196    8,9810106146615E-5    -50,7681884765625
22,282    8,9810106146615E-5    -50,7681884765625
22,368    9,02069805306382E-5    -49,663875579834
22,454    9,02069805306382E-5    -49,663875579834
22,54    9,04049156815745E-5    -48,638313293457
22,626    9,04049156815745E-5    -48,638313293457
22,712    9,05637643882073E-5    -47,6130065917969
22,798    9,05637643882073E-5    -47,6130065917969
22,884    9,09601367311552E-5    -46,5874443054199
22,97    9,09601367311552E-5    -46,5874443054199
23,056    9,13960902835242E-5    -45,4831314086914
23,142    9,13960902835242E-5    -45,4831314086914
23,228    9,17132856557146E-5    -44,4578247070313
23,314    9,17132856557146E-5    -44,4578247070313
23,4    9,1951311333105E-5    -43,4322624206543
23,485    9,1951311333105E-5    -43,4322624206543
23,571    9,1951311333105E-5    -43,4322624206543
23,657    9,20304810279049E-5    -42,4067039489746
23,743    9,20304810279049E-5    -42,4067039489746
23,828    9,2387774202507E-5    -41,3813972473145
23,914    9,2387774202507E-5    -41,3813972473145
24    9,26648790482432E-5    -40,2770805358887
24,086    9,26648790482432E-5    -40,2770805358887
24,171    9,27445580600761E-5    -39,251522064209
24,257    9,27445580600761E-5    -39,251522064209
24,343    9,31013419176452E-5    -38,225959777832
24,429    9,31013419176452E-5    -38,225959777832
24,515    9,33789488044567E-5    -37,1216468811035
24,6    9,33789488044567E-5    -37,1216468811035
24,686    9,33789488044567E-5    -37,1216468811035
24,772    9,3576883955393E-5    -36,0963401794434
24,857    9,3576883955393E-5    -36,0963401794434
24,943    9,38544908422045E-5    -35,0707778930664
25,029    9,38544908422045E-5    -35,0707778930664
25,115    9,40529280342162E-5    -34,0452194213867
25,2    9,40529280342162E-5    -34,0452194213867
25,286    9,41321050049737E-5    -33,0199089050293
25,372    9,41321050049737E-5    -33,0199089050293
25,458    9,43701306823641E-5    -31,9155960083008
25,543    9,43701306823641E-5    -31,9155960083008
25,629    9,46477375691757E-5    -30,8900356292725
25,715    9,46477375691757E-5    -30,8900356292725
25,801    9,46477375691757E-5    -30,8900356292725
25,886    9,48060842347331E-5    -29,8644752502441
25,972    9,48060842347331E-5    -29,8644752502441
26,058    9,50441099121235E-5    -28,839168548584
26,144    9,50441099121235E-5    -28,839168548584
26,23    9,53613052843139E-5    -27,8136081695557
26,316    9,53613052843139E-5    -27,8136081695557
26,401    9,55597424763255E-5    -26,7882995605469
26,487    9,55597424763255E-5    -26,7882995605469
26,573    9,57972588366829E-5    -25,6839866638184
26,659    9,57972588366829E-5    -25,6839866638184
26,745    9,61941404966637E-5    -24,65842628479
26,83    9,61941404966637E-5    -24,65842628479
26,916    9,61941404966637E-5    -24,65842628479
27,002    9,61941404966637E-5    -24,65842628479
27,088    9,61941404966637E-5    -24,65842628479
27,174    9,67092637438327E-5    -22,6075572967529
27,259    9,67092637438327E-5    -22,6075572967529
27,345    9,69472894212231E-5    -21,5819969177246
27,431    9,69472894212231E-5    -21,5819969177246
27,517    9,71457266132347E-5    -20,5564365386963
27,602    9,71457266132347E-5    -20,5564365386963
27,688    9,73832429735921E-5    -19,4521236419678
27,774    9,73832429735921E-5    -19,4521236419678
27,86    9,7780124633573E-5    -18,426815032959
27,945    9,7780124633573E-5    -18,426815032959
28,031    9,80577315203846E-5    -17,4012546539307
28,117    9,80577315203846E-5    -17,4012546539307
28,202    9,80577315203846E-5    -17,4012546539307
28,288    9,84145153779536E-5    -16,3759460449219
28,374    9,84145153779536E-5    -16,3759460449219
28,459    9,8731710750144E-5    -15,3503866195679
28,545    9,8731710750144E-5    -15,3503866195679
28,631    9,88108877209015E-5    -14,3248262405396
28,716    9,88108877209015E-5    -14,3248262405396
28,802    9,90489061223343E-5    -13,2205123901367
28,888    9,90489061223343E-5    -13,2205123901367
28,974    9,94056899799034E-5    -12,1952047348022
29,059    9,94056899799034E-5    -12,1952047348022
29,145    9,96833041426726E-5    -11,1696443557739
29,231    9,96833041426726E-5    -11,1696443557739
29,316    9,96833041426726E-5    -11,1696443557739
29,402    9,98812320176512E-5    -10,1440839767456
29,488    9,98812320176512E-5    -10,1440839767456
29,574    0,000100119257695042    -9,11877536773682
29,659    0,000100119257695042    -9,11877536773682
29,745    0,00010023801587522    -8,0932149887085
29,831    0,00010023801587522    -8,0932149887085
29,917    0,000100436453067232    -7,06790733337402
30,002    0,000100436453067232    -7,06790733337402
30,088    0,000100714067230001    -5,9633412361145
30,174    0,000100714067230001    -5,9633412361145
30,26    0,000100991674116813    -4,93803358078003
30,346    0,000100991674116813    -4,93803358078003
30,432    0,000100991674116813    -4,93803358078003
30,517    0,000101189609267749    -3,91247296333313
30,603    0,000101189609267749    -3,91247296333313
30,689    0,000101427634945139    -2,88716506958008
30,775    0,000101427634945139    -2,88716506958008
30,861    0,00010174483031733    -1,86160469055176
30,947    0,00010174483031733    -1,86160469055176
31,033    0,000102022437204141    -0,836044371128082
31,119    0,000102022437204141    -0,836044371128082
31,205    0,000102181293186732    0,189263597130775
31,301    0,000102181293186732    0,189263597130775
31,391    0,00010230005136691    1,21482396125793
31,482    0,00010230005136691    1,21482396125793
31,572    0,000102538077044301    2,24013185501099
31,662    0,000102538077044301    2,24013185501099
31,752    0,000102815683931112    3,26569223403931
31,842    0,000102815683931112    3,26569223403931
31,932    0,000103172467788681    4,29125261306763
32,022    0,000103172467788681    4,29125261306763
32,112    0,000103450081951451    5,31656074523926
32,202    0,000103450081951451    5,31656074523926
32,293    0,000103687598311808    6,34212112426758
32,383    0,000103687598311808    6,34212112426758
32,473    0,000103687598311808    6,34212112426758
32,563    0,000103687598311808    6,34212112426758
32,654    0,000103687598311808    6,34212112426758
32,744    0,000104163642390631    8,39298915863037
32,834    0,000104163642390631    8,39298915863037
32,924    0,000104401668068022    9,4973030090332
33,014    0,000104401668068022    9,4973030090332
33,104    0,0001045204262482    10,5228633880615
33,194    0,0001045204262482    10,5228633880615
33,284    0,000104678772913758    11,548171043396
33,375    0,000104678772913758    11,548171043396
33,465    0,000104916798591148    12,5737314224243
33,555    0,000104916798591148    12,5737314224243
33,645    0,000105075647297781    13,5992918014526
33,735    0,000105075647297781    13,5992918014526
33,825    0,00010535326146055    14,6246004104614
33,915    0,00010535326146055    14,6246004104614
34,005    0,00010574962652754    15,6501607894897
34,095    0,00010574962652754    15,6501607894897
34,185    0,000105868384707719    16,6757202148438
34,275    0,000105868384707719    16,6757202148438
34,365    0,000105947561678477    17,7010288238525
34,455    0,000105947561678477    17,7010288238525
34,545    0,000106225168565288    18,7265892028809
34,635    0,000106225168565288    18,7265892028809
34,725    0,000106542371213436    19,7518978118896
34,815    0,000106542371213436    19,7518978118896
34,905    0,000106939245597459    20,777458190918
34,995    0,000106939245597459    20,777458190918
35,085    0,000107176761957817    21,8030185699463
35,175    0,000107176761957817    21,8030185699463
35,265    0,000107414787635207    22,8283252716064
35,355    0,000107414787635207    22,8283252716064
35,445    0,000107692394522019    23,8538856506348
35,535    0,000107692394522019    23,8538856506348
35,625    0,000108009597170167    24,8791942596436
35,715    0,000108009597170167    24,8791942596436
35,805    0,000108009597170167    24,8791942596436
35,895    0,000108287204056978    25,9047546386719
35,985    0,000108287204056978    25,9047546386719
36,075    0,000108564818219747    26,9303150177002
36,165    0,000108564818219747    26,9303150177002
36,255    0,000108842425106559    27,9556217193604
36,346    0,000108842425106559    27,9556217193604
36,436    0,000109040360257495    28,9811820983887
36,526    0,000109040360257495    28,9811820983887
36,616    0,000109238797449507    30,0064907073975
36,706    0,000109238797449507    30,0064907073975
36,796    0,000109595581307076    30,9532985687256
36,886    0,000109595581307076    30,9532985687256
36,976    0,000109753920696676    31,9786052703857
37,067    0,000109753920696676    31,9786052703857
37,156    0,000109952357888687    33,0041656494141
37,246    0,000109952357888687    33,0041656494141
37,336    0,000110269560536835    34,0294723510742
37,426    0,000110269560536835    34,0294723510742
37,516    0,000110626344394404    35,0550346374512
37,606    0,000110626344394404    35,0550346374512
37,696    0,000110903951281216    36,0805931091309
37,786    0,000110903951281216    36,0805931091309
37,876    0,000111221146653406    37,1059036254883
37,966    0,000111221146653406    37,1059036254883
38,056    0,000111538342025597    38,131462097168
38,146    0,000111538342025597    38,131462097168
38,236    0,000111815956188366    39,1567726135254
38,326    0,000111815956188366    39,1567726135254
38,416    0,000112093570351135    40,1823310852051
38,507    0,000112093570351135    40,1823310852051
38,597    0,000112292007543147    41,207893371582
38,687    0,000112292007543147    41,207893371582
38,777    0,000112648791400716    42,2332000732422
38,867    0,000112648791400716    42,2332000732422
38,957    0,000112965986772906    43,2587585449219
39,047    0,000112965986772906    43,2587585449219
39,137    0,000112965986772906    43,2587585449219
39,228    0,000113163914647885    44,2840690612793
39,318    0,000113163914647885    44,2840690612793
39,408    0,000113401940325275    45,309627532959
39,498    0,000113401940325275    45,309627532959
39,588    0,000113719135697465    46,3351898193359
39,678    0,000113719135697465    46,3351898193359
39,768    0,000114115508040413    47,3604965209961
39,858    0,000114115508040413    47,3604965209961
39,948    0,000114195187052246    48,386058807373
40,039    0,000114195187052246    48,386058807373
40,129    0,000114234775537625    49,4116172790527
40,219    0,000114234775537625    49,4116172790527
40,309    0,000114512382424437    50,4369239807129
40,399    0,000114512382424437    50,4369239807129
40,489    0,000114829577796627    51,4624862670898
40,579    0,000114829577796627    51,4624862670898
40,669    0,000115146780444775    52,48779296875
40,759    0,000115146780444775    52,48779296875
40,849    0,000115463975816965    53,513355255127
40,939    0,000115463975816965    53,513355255127
41,029    0,000115820759674534    54,5389137268066
41,119    0,000115820759674534    54,5389137268066
41,209    0,000116137955046725    55,5642242431641
41,299    0,000116137955046725    55,5642242431641
41,389    0,000116494738904294    56,5897827148438
41,479    0,000116494738904294    56,5897827148438
41,569    0,000116811934276484    57,6150894165039
41,659    0,000116811934276484    57,6150894165039
41,749    0,000117287476314232    58,5616455078125
41,84    0,000117287476314232    58,5616455078125
41,93    0,000117961455543991    59,5872039794922
42,02    0,000117961455543991    59,5872039794922
42,11    0,000118556265078951    60,6127662658691
42,2    0,000118556265078951    60,6127662658691
42,29    0,000118556265078951    60,6127662658691
42,38    0,000118556265078951    60,6127662658691
42,47    0,000118556265078951    60,6127662658691
42,56    0,000118635944090784    62,6636352539063
42,65    0,000118635944090784    62,6636352539063
42,74    0,000118873460451141    63,6891937255859
42,83    0,000118873460451141    63,6891937255859
42,92    0,000119151067337953    64,7145004272461
43,01    0,000119151067337953    64,7145004272461
43,1    0,0001194682699861    65,7400665283203
43,19    0,0001194682699861    65,7400665283203
43,28    0,000119666707178112    66,7653732299805
43,37    0,000119666707178112    66,7653732299805
43,46    0,000119944314064924    67,7909317016602
43,55    0,000119944314064924    67,7909317016602
43,64    0,000120301097922493    68,8164901733398
43,73    0,000120301097922493    68,8164901733398
43,82    0,000120975077152252    69,841796875
43,909    0,000120975077152252    69,841796875
43,999    0,000121530298201833    70,8673629760742
44,09    0,000121530298201833    70,8673629760742
44,18    0,00012176781456219    71,8926696777344
44,27    0,00012176781456219    71,8926696777344
44,359    0,000122164696222171    72,9182281494141
44,449    0,000122164696222171    72,9182281494141
44,539    0,00012267981946934    73,8647842407227
44,629    0,00012267981946934    73,8647842407227
44,719    0,0001232746290043    74,8903427124023
44,809    0,0001232746290043    74,8903427124023
44,899    0,000123631412861869    75,9156494140625
44,989    0,000123631412861869    75,9156494140625
45,079    0,000123829857329838    76,9412155151367
45,169    0,000123829857329838    76,9412155151367
45,259    0,000124147045426071    77,9667739868164
45,349    0,000124147045426071    77,9667739868164
45,439    0,00012450382928364    78,9920806884766
45,529    0,00012450382928364    78,9920806884766
45,619    0,00012450382928364    78,9920806884766
45,709    0,00012490019435063    80,0176391601563
45,799    0,00012490019435063    80,0176391601563
45,889    0,000125177815789357    80,9641952514648
45,979    0,000125177815789357    80,9641952514648
46,068    0,000125177815789357    81,989501953125
46,158    0,000125177815789357    81,989501953125
46,248    0,000125256978208199    83,0150604248047
46,338    0,000125256978208199    83,0150604248047
46,428    0,000125415841466747    84,0406265258789
46,518    0,000125415841466747    84,0406265258789
46,608    0,00012573302956298    85,0659332275391
46,698    0,00012573302956298    85,0659332275391
46,788    0,00012612939462997    86,0914916992188
46,878    0,00012612939462997    86,0914916992188
46,968    0,000126486178487539    87,1170501708984
47,058    0,000126486178487539    87,1170501708984
47,148    0,00012696222984232    88,1423568725586
47,238    0,00012696222984232    88,1423568725586
47,328    0,000127358609461226    89,1679229736328
47,418    0,000127358609461226    89,1679229736328
47,508    0,000127596620586701    90,1144790649414
47,598    0,000127596620586701    90,1144790649414
47,688    0,000127874242025428    91,1397857666016
47,778    0,000127874242025428    91,1397857666016
47,868    0,00012819143012166    92,1653442382813
47,958    0,00012819143012166    92,1653442382813
48,048    0,000128508632769808    93,1909027099609
48,138    0,000128508632769808    93,1909027099609
48,228    0,000128825835417956    94,2162094116211
48,319    0,000128825835417956    94,2162094116211
48,409    0,000129301377455704    95,2417755126953
48,499    0,000129301377455704    95,2417755126953
48,588    0,000129658146761358    96,267333984375
48,678    0,000129658146761358    96,267333984375
48,768    0,000129658146761358    96,267333984375
48,859    0,000129935768200085    97,2926406860352
48,949    0,000129935768200085    97,2926406860352
49,039    0,000130292552057654    98,3181991577148
49,129    0,000130292552057654    98,3181991577148
49,218    0,000130649830680341    99,2647552490234
49,308    0,000130649830680341    99,2647552490234
49,398    0,000131125372718088    100,290061950684
49,488    0,000131125372718088    100,290061950684
49,578    0,000131641019834206    101,315620422363
49,668    0,000131641019834206    101,315620422363
49,758    0,000131997803691775    102,341186523438
49,849    0,000131997803691775    102,341186523438
49,939    0,000132116561871953    103,366493225098
50,029    0,000132116561871953    103,366493225098
50,119    0,000132433749968186    104,313049316406
50,209    0,000132433749968186    104,313049316406
50,299    0,000132790533825755    105,338607788086
50,389    0,000132790533825755    105,338607788086
50,479    0,000133107736473903    106,364166259766
50,569    0,000133107736473903    106,364166259766
50,659    0,000133424924570136    107,389472961426
50,75    0,000133424924570136    107,389472961426
50,84    0,000133900975924917    108,4150390625
50,93    0,000133900975924917    108,4150390625
51,02    0,000134376517962664    109,44034576416
51,11    0,000134376517962664    109,44034576416
51,2    0,000134654124849476    110,387153625488
51,29    0,000134654124849476    110,387153625488
51,38    0,000135050504468381    111,412460327148
51,47    0,000135050504468381    111,412460327148
51,56    0,000135407797642983    112,438018798828
51,65    0,000135407797642983    112,438018798828
51,74    0,000135764566948637    113,463325500488
51,83    0,000135764566948637    113,463325500488
51,92    0,000135764566948637    113,463325500488
52,01    0,000135764566948637    113,463325500488
52,1    0,000135764566948637    113,463325500488
52,19    0,000136596892843954    115,435440063477
52,28    0,000136596892843954    115,435440063477
52,369    0,000136914095492102    116,461006164551
52,459    0,000136914095492102    116,461006164551
52,55    0,000137270879349671    117,486312866211
52,64    0,000137270879349671    117,486312866211
52,729    0,000137628172524273    118,511871337891
52,819    0,000137628172524273    118,511871337891
52,909    0,000137984956381842    119,537178039551
52,999    0,000137984956381842    119,537178039551
53,089    0,000138420902658254    120,483985900879
53,179    0,000138420902658254    120,483985900879
53,269    0,000138896954013035    121,509292602539
53,359    0,000138896954013035    121,509292602539
53,449    0,000139134470373392    122,534851074219
53,539    0,000139134470373392    122,534851074219
53,629    0,000139412077260204    123,481407165527
53,72    0,000139412077260204    123,481407165527
53,81    0,000139848547405563    124,506965637207
53,899    0,000139848547405563    124,506965637207
53,99    0,000140244912472554    125,532279968262
54,08    0,000140244912472554    125,532279968262
54,17    0,000140601696330123    126,557838439941
54,26    0,000140601696330123    126,557838439941
54,35    0,000140958480187692    127,583145141602
54,44    0,000140958480187692    127,583145141602
54,53    0,000141236087074503    128,529693603516
54,619    0,000141236087074503    128,529693603516
54,709    0,00014175173419062    129,555267333984
54,799    0,00014175173419062    129,555267333984
54,889    0,000142187680467032    130,580825805664
54,979    0,000142187680467032    130,580825805664
55,069    0,000142187680467032    130,580825805664
55,159    0,000142187680467032    130,580825805664
55,249    0,000142187680467032    130,580825805664
55,339    0,00014274290879257    132,631683349609
55,429    0,00014274290879257    132,631683349609
55,519    0,000142940829391591    133,657241821289
55,609    0,000142940829391591    133,657241821289
55,699    0,00014349605771713    134,682556152344
55,79    0,00014349605771713    134,682556152344
55,88    0,000143813260365278    135,629104614258
55,97    0,000143813260365278    135,629104614258
56,06    0,000144170029670931    136,654678344727
56,15    0,000144170029670931    136,654678344727
56,24    0,00014472525799647    137,679977416992
56,329    0,00014472525799647    137,679977416992
56,42    0,000145042460644618    138,705535888672
56,51    0,000145042460644618    138,705535888672
56,6    0,000145240890560672    139,652099609375
56,69    0,000145240890560672    139,652099609375
56,78    0,000145637255627662    140,677658081055
56,87    0,000145637255627662    140,677658081055
56,96    0,00014611279766541    141,70295715332
57,05    0,00014611279766541    141,70295715332
57,14    0,000146470090840012    142,728530883789
57,23    0,000146470090840012    142,728530883789
57,32    0,000147064391057938    143,754089355469
57,41    0,000147064391057938    143,754089355469
57,5    0,000147738886880688    144,700637817383
57,59    0,000147738886880688    144,700637817383
57,68    0,000148095670738257    145,725952148438
57,77    0,000148095670738257    145,725952148438
57,86    0,000148254010127857    146,751510620117
57,95    0,000148254010127857    146,751510620117
58,04    0,000148531617014669    147,777069091797
58,13    0,000148531617014669    147,777069091797
58,22    0,000149047249578871    148,802368164063
58,31    0,000149047249578871    148,802368164063
58,4    0,000149047249578871    148,802368164063
58,49    0,000149443629197776    149,827941894531
58,58    0,000149443629197776    149,827941894531
58,67    0,000149760817294009    150,774490356445
58,76    0,000149760817294009    150,774490356445
58,85    0,000150316045619547    151,7998046875
58,94    0,000150316045619547    151,7998046875
59,03    0,000151386397192255    152,82536315918
59,121    0,000151386397192255    152,82536315918
59,211    0,000151941610965878    153,850921630859
59,301    0,000151941610965878    153,850921630859
59,391    0,000151941610965878    154,797470092773
59,481    0,000151941610965878    154,797470092773
59,571    0,000152099964907393    155,822784423828
59,661    0,000152099964907393    155,822784423828
59,751    0,000152298394823447    156,848342895508
59,841    0,000152298394823447    156,848342895508
59,93    0,000152615597471595    157,873901367188
60,019    0,000152615597471595    157,873901367188
60,11    0,000152932785567828    158,899215698242
60,2    0,000152932785567828    158,899215698242
60,29    0,000153368746396154    159,924774169922
60,38    0,000153368746396154    159,924774169922
60,469    0,000153884378960356    160,871322631836
60,559    0,000153884378960356    160,871322631836
60,649    0,000154320339788683    161,896881103516
60,739    0,000154320339788683    161,896881103516
60,829    0,000154717214172706    162,92219543457
60,919    0,000154717214172706    162,92219543457
61,009    0,000155153175001033    163,94775390625
61,099    0,000155153175001033    163,94775390625
61,189    0,000155509958858602    164,894302368164
61,279    0,000155509958858602    164,894302368164
61,369    0,000155827146954834    165,919616699219
61,46    0,000155827146954834    165,919616699219
61,55    0,000155827146954834    165,919616699219
61,64    0,000155827146954834    165,919616699219
61,73    0,000155827146954834    165,919616699219
61,82    0,000156977184815332    167,970733642578
61,91    0,000156977184815332    167,970733642578
62    0,000157571979798377    168,917297363281
62,09    0,000157571979798377    168,917297363281
62,18    0,00015784909192007    169,942596435547
62,27    0,00015784909192007    169,942596435547
62,36    0,000158087117597461    170,968154907227
62,45    0,000158087117597461    170,968154907227
62,54    0,00015844390145503    171,91471862793
62,63    0,00015844390145503    171,91471862793
62,72    0,000158761089551263    172,940277099609
62,81    0,000158761089551263    172,940277099609
62,9    0,00015907829219941    173,965576171875
62,99    0,00015907829219941    173,965576171875
63,08    0,000159475166583434    174,991149902344
63,17    0,000159475166583434    174,991149902344
63,261    0,000159831950441003    176,016708374023
63,35    0,000159831950441003    176,016708374023
63,441    0,000160149153089151    176,963256835938
63,531    0,000160149153089151    176,963256835938
63,621    0,000160426759975962    177,988571166992
63,711    0,000160426759975962    177,988571166992
63,801    0,000161021569510922    178,935119628906
63,891    0,000161021569510922    178,935119628906
63,981    0,000161695541464724    179,960678100586
64,071    0,000161695541464724    179,960678100586
64,161    0,000161973148351535    180,986236572266
64,251    0,000161973148351535    180,986236572266
64,341    0,000162448690389283    182,01155090332
64,431    0,000162448690389283    182,01155090332
64,521    0,000162924741744064    182,958099365234
64,611    0,000162924741744064    182,958099365234
64,701    0,00016336070257239    183,983657836914
64,791    0,00016336070257239    183,983657836914
64,881    0,00016336070257239    183,983657836914
64,971    0,000163677905220538    185,008972167969
65,061    0,000163677905220538    185,008972167969
65,151    0,000163915916346014    185,955780029297
65,241    0,000163915916346014    185,955780029297
65,331    0,000164272700203583    186,981094360352
65,421    0,000164272700203583    186,981094360352
65,511    0,000164708661031909    188,006652832031
65,601    0,000164708661031909    188,006652832031
65,691    0,000165025863680057    189,031951904297
65,781    0,000165025863680057    189,031951904297
65,871    0,000165382647537626    189,978759765625
65,961    0,000165382647537626    189,978759765625
66,051    0,000165898280101828    191,00407409668
66,141    0,000165898280101828    191,00407409668
66,231    0,00016641391266603    192,029632568359
66,321    0,00016641391266603    192,029632568359
66,411    0,000166770696523599    192,976181030273
66,501    0,000166770696523599    192,976181030273
66,591    0,000167285819770768    194,001495361328
66,681    0,000167285819770768    194,001495361328
66,771    0,000167722289916128    195,027053833008
66,861    0,000167722289916128    195,027053833008
66,951    0,000168276994372718    195,973602294922
67,041    0,000168276994372718    195,973602294922
67,131    0,000168911399669014    196,999176025391
67,221    0,000168911399669014    196,999176025391
67,311    0,000169783816090785    198,024475097656
67,401    0,000169783816090785    198,024475097656
67,491    0,000170537474332377    198,971038818359
67,581    0,000170537474332377    198,971038818359
67,671    0,000171171865076758    199,996597290039
67,761    0,000171171865076758    199,996597290039
67,851    0,000171766165294684    201,022155761719
67,94    0,000171766165294684    201,022155761719
68,03    0,000171766165294684    201,022155761719
68,12    0,000171885432791896    202,047454833984
68,21    0,000171885432791896    202,047454833984
68,3    0,00017184583703056    202,994018554688
68,39    0,00017184583703056    202,994018554688
68,48    0,000172281797858886    204,019577026367
68,57    0,000172281797858886    204,019577026367
68,66    0,000173590175108984    204,966125488281
68,75    0,000173590175108984    204,966125488281
68,84    0,000174938133568503    205,991683959961
68,931    0,000174938133568503    205,991683959961
69,021    0,000175335007952526    207,016998291016
69,111    0,000175335007952526    207,016998291016
69,201    0,000175295426743105    208,042556762695
69,291    0,000175295426743105    208,042556762695
69,381    0,000175295426743105    208,989120483398
69,471    0,000175295426743105    208,989120483398
69,56    0,000175453766132705    210,014678955078
69,65    0,000175453766132705    210,014678955078
69,74    0,000175770968780853    211,039978027344
69,83    0,000175770968780853    211,039978027344
69,92    0,000176048575667664    211,986541748047
70,011    0,000176048575667664    211,986541748047
70,101    0,000176564208231866    213,012100219727
70,19    0,000176564208231866    213,012100219727
70,281    0,000177238194737583    213,958648681641
70,371    0,000177238194737583    213,958648681641
70,461    0,000177951762452722    214,98420715332
70,551    0,000177951762452722    214,98420715332
70,641    0,000178546557435766    216,009521484375
70,731    0,000178546557435766    216,009521484375
70,821    0,000179062204551883    217,035079956055
70,911    0,000179062204551883    217,035079956055
71,001    0,000179418988409452    217,981628417969
71,092    0,000179418988409452    217,981628417969
71,182    0,000179418988409452    217,981628417969
71,272    0,000179418988409452    217,981628417969
71,362    0,000179418988409452    217,981628417969
71,452    0,000180330986040644    220,032501220703
71,542    0,000180330986040644    220,032501220703
71,632    0,000180766946868971    220,979049682617
71,722    0,000180766946868971    220,979049682617
71,812    0,000181322160642594    222,004623413086
71,902    0,000181322160642594    222,004623413086
71,992    0,000181639363290742    223,030181884766
72,082    0,000181639363290742    223,030181884766
72,172    0,000181916970177554    223,97673034668
72,262    0,000181916970177554    223,97673034668
72,352    0,00018235293100588    225,002044677734
72,442    0,00018235293100588    225,002044677734
72,532    0,000182788877282292    225,948593139648
72,622    0,000182788877282292    225,948593139648
72,712    0,00018318576621823    226,974151611328
72,802    0,00018318576621823    226,974151611328
72,892    0,000183621712494642    227,999710083008
72,982    0,000183621712494642    227,999710083008
73,072    0,000184057673322968    228,946273803711
73,162    0,000184057673322968    228,946273803711
73,252    0,000184494128916413    229,971572875977
73,342    0,000184494128916413    229,971572875977
73,432    0,000185048847924918    230,997131347656
73,522    0,000185048847924918    230,997131347656
73,612    0,00018556448048912    231,943695068359
73,702    0,00018556448048912    231,943695068359
73,791    0,000186159290024079    232,969253540039
73,881    0,000186159290024079    232,969253540039
73,972    0,000186833276529796    233,994567871094
74,062    0,000186833276529796    233,994567871094
74,152    0,000187348909093998    234,941116333008
74,242    0,000187348909093998    234,941116333008
74,332    0,000188141639227979    235,966674804688
74,422    0,000188141639227979    235,966674804688
74,512    0,000188141639227979    235,966674804688
74,602    0,000188974474440329    236,913238525391
74,692    0,000188974474440329    236,913238525391
74,782    0,000189529702765867    237,93879699707
74,872    0,000189529702765867    237,93879699707
74,962    0,000189886486623436    238,964096069336
75,052    0,000189886486623436    238,964096069336
75,142    0,000190282851690426    239,989654541016
75,232    0,000190282851690426    239,989654541016
75,322    0,000190718797966838    240,936218261719
75,412    0,000190718797966838    240,936218261719
75,502    0,000191155268112198    241,961776733398
75,592    0,000191155268112198    241,961776733398
75,682    0,000191551633179188    242,908325195313
75,772    0,000191551633179188    242,908325195313
75,862    0,000191947998246178    243,933639526367
75,952    0,000191947998246178    243,933639526367
76,042    0,000192503226571716    244,959197998047
76,132    0,000192503226571716    244,959197998047
76,222    0,000193177213077433    245,905746459961
76,313    0,000193177213077433    245,905746459961
76,403    0,000193692845641635    246,93132019043
76,493    0,000193692845641635    246,93132019043
76,583    0,000194168387679383    247,956619262695
76,673    0,000194168387679383    247,956619262695
76,763    0,000194922045920976    248,903167724609
76,853    0,000194922045920976    248,903167724609
76,943    0,000195516855455935    249,928741455078
77,033    0,000195516855455935    249,928741455078
77,123    0,000195793953025714    250,954299926758
77,213    0,000195793953025714    250,954299926758
77,303    0,000196309585589916    251,900848388672
77,393    0,000196309585589916    251,900848388672
77,483    0,000196943976334296    252,926162719727
77,573    0,000196943976334296    252,926162719727
77,663    0,000196943976334296    252,926162719727
77,753    0,000196943976334296    252,926162719727
77,843    0,000196943976334296    252,926162719727
77,933    0,000197776811546646    254,89826965332
78,023    0,000197776811546646    254,89826965332
78,114    0,000198331530555151    255,923828125
78,204    0,000198331530555151    255,923828125
78,293    0,000198886744328775    256,870391845703
78,383    0,000198886744328775    256,870391845703
78,473    0,00019952114962507    257,895690917969
78,563    0,00019952114962507    257,895690917969
78,653    0,000199957605218515    258,921264648438
78,743    0,000199957605218515    258,921264648438
78,833    0,000200274807866663    259,867797851563
78,923    0,000200274807866663    259,867797851563
79,013    0,00020134515943937    260,893371582031
79,103    0,00020134515943937    260,893371582031
79,193    0,000203208750463091    261,918670654297
79,283    0,000203208750463091    261,918670654297
79,373    0,000203248331672512    262,865234375
79,463    0,000203248331672512    262,865234375
79,553    0,000202812385396101    263,890808105469
79,643    0,000202812385396101    263,890808105469
79,734    0,000203525938559324    264,837341308594
79,824    0,000203525938559324    264,837341308594
79,914    0,000203922318178229    265,862884521484
80,004    0,000203922318178229    265,862884521484
80,094    0,000204437950742431    266,888214111328
80,184    0,000204437950742431    266,888214111328
80,274    0,00020503276027739    267,834747314453
80,364    0,00020503276027739    267,834747314453
80,454    0,000205746327992529    268,860321044922
80,544    0,000205746327992529    268,860321044922
80,634    0,000206658325623721    269,806884765625
80,724    0,000206658325623721    269,806884765625
80,814    0,000207292716368102    270,832427978516
80,904    0,000207292716368102    270,832427978516
80,995    0,000207292716368102    270,832427978516
81,085    0,000207728677196428    271,857727050781
81,175    0,000207728677196428    271,857727050781
81,265    0,000208085461053997    272,804290771484
81,355    0,000208085461053997    272,804290771484
81,445    0,000208442244911566    273,829864501953
81,535    0,000208442244911566    273,829864501953
81,625    0,000208997458685189    274,776397705078
81,715    0,000208997458685189    274,776397705078
81,805    0,000209592268220149    275,801971435547
81,895    0,000209592268220149    275,801971435547
81,985    0,000210187077755108    276,827270507813
82,076    0,000210187077755108    276,827270507813
82,166    0,000210900645470247    277,773834228516
82,256    0,000210900645470247    277,773834228516
82,346    0,000211891820072196    278,799377441406
82,436    0,000211891820072196    278,799377441406
82,527    0,000212685074075125    279,745941162109
82,617    0,000212685074075125    279,745941162109
82,707    0,000213160616112873    280,771514892578
82,797    0,000213160616112873    280,771514892578
82,887    0,000213795006857254    281,796813964844
82,977    0,000213795006857254    281,796813964844
83,067    0,000214429397601634    282,743377685547
83,157    0,000214429397601634    282,743377685547
83,247    0,000215024207136594    283,768920898438
83,337    0,000215024207136594    283,768920898438
83,427    0,000215698179090396    284,715484619141
83,517    0,000215698179090396    284,715484619141
83,607    0,000216491433093324    285,741058349609
83,697    0,000216491433093324    285,741058349609
83,787    0,000217443026485853    286,687591552734
83,877    0,000217443026485853    286,687591552734
83,967    0,000218037821468897    287,712921142578
84,057    0,000218037821468897    287,712921142578
84,147    0,000218632631003857    288,738464355469
84,237    0,000218632631003857    288,738464355469
84,326    0,000218632631003857    288,738464355469
84,417    0,000219306617509574    289,685028076172
84,507    0,000219306617509574    289,685028076172
84,597    0,0002197425783379    290,710571289063
84,688    0,0002197425783379    290,710571289063
84,778    0,000220258210902102    291,735900878906
84,868    0,000220258210902102    291,735900878906
84,958    0,000220853020437062    292,682434082031
85,048    0,000220853020437062    292,682434082031
85,138    0,000221526992390864    293,7080078125
85,228    0,000221526992390864    293,7080078125
85,319    0,000221923357457854    294,733581542969
85,409    0,000221923357457854    294,733581542969
85,499    0,00022235931828618    295,680114746094
85,589    0,00022235931828618    295,680114746094
85,679    0,000223112976527773    296,705444335938
85,769    0,000223112976527773    296,705444335938
85,859    0,000223826544242911    297,652221679688
85,95    0,000223826544242911    297,652221679688
86,04    0,000224222909309901    298,677551269531
86,13    0,000224222909309901    298,677551269531
86,22    0,000224698960664682    299,624084472656
86,311    0,000224698960664682    299,624084472656
86,401    0,000225650554057211    300,649658203125
86,491    0,000225650554057211    300,649658203125
86,581    0,00022664172865916    301,674957275391
86,672    0,00022664172865916    301,674957275391
86,762    0,000227077689487487    302,621765136719
86,852    0,000227077689487487    302,621765136719
86,943    0,00022747456387151    303,647094726563
87,033    0,00022747456387151    303,647094726563
87,123    0,00022822771279607    304,593627929688
87,213    0,00022822771279607    304,593627929688
87,303    0,00022886210354045    305,619201660156
87,393    0,00022886210354045    305,619201660156
87,483    0,000229654848226346    306,644500732422
87,573    0,000229654848226346    306,644500732422
87,663    0,000229654848226346    306,644500732422
87,753    0,000230408506467938    307,59130859375
87,843    0,000230408506467938    307,59130859375
87,933    0,000231042897212319    308,616607666016
88,023    0,000231042897212319    308,616607666016
88,113    0,000231756464927457    309,563171386719
88,203    0,000231756464927457    309,563171386719
88,293    0,000232232516282238    310,588745117188
88,383    0,000232232516282238    310,588745117188
88,474    0,000232589300139807    311,535278320313
88,564    0,000232589300139807    311,535278320313
88,654    0,000233104423386976    312,560852050781
88,744    0,000233104423386976    312,560852050781
88,834    0,000233501297770999    313,507415771484
88,925    0,000233501297770999    313,507415771484
89,015    0,000233738814131357    314,53271484375
89,105    0,000233738814131357    314,53271484375
89,195    0,000234611245105043    315,479278564453
89,286    0,000234611245105043    315,479278564453
89,376    0,000235324798268266    316,504821777344
89,466    0,000235324798268266    316,504821777344
89,556    0,000235880026593804    317,451385498047
89,646    0,000235880026593804    317,451385498047
89,736    0,000236553998547606    318,476928710938
89,826    0,000236553998547606    318,476928710938
89,917    0,000237188403843902    319,502258300781
90,007    0,000237188403843902    319,502258300781
90,097    0,00023790197155904    320,448791503906
90,188    0,00023790197155904    320,448791503906
90,278    0,000238774387980811    321,474365234375
90,368    0,000238774387980811    321,474365234375
90,459    0,000239408778725192    322,420928955078
90,549    0,000239408778725192    322,420928955078
90,639    0,000239845234318636    323,446472167969
90,729    0,000239845234318636    323,446472167969
90,82    0,000240519220824353    324,393035888672
90,91    0,000240519220824353    324,393035888672
91    0,000241193192778155    325,418334960938
91,09    0,000241193192778155    325,418334960938
91,181    0,000241193192778155    325,418334960938
91,271    0,000241748421103694    326,365142822266
91,361    0,000241748421103694    326,365142822266
91,451    0,000242343230638653    327,390472412109
91,542    0,000242343230638653    327,390472412109
91,632    0,000243017202592455    328,337005615234
91,722    0,000243017202592455    328,337005615234
91,812    0,000243849528487772    329,362579345703
91,903    0,000243849528487772    329,362579345703
91,993    0,0002446427824907    330,309112548828
92,083    0,0002446427824907    330,309112548828
92,173    0,000245197996264324    331,334686279297
92,263    0,000245197996264324    331,334686279297
92,353    0,000245871982770041    332,28125
92,443    0,000245871982770041    332,28125
92,533    0,000246506388066337    333,306549072266
92,623    0,000246506388066337    333,306549072266
92,713    0,000247299118200317    334,253112792969
92,803    0,000247299118200317    334,253112792969
92,893    0,00024825069704093    335,278656005859
92,984    0,00024825069704093    335,278656005859
93,073    0,000248924683546647    336,225219726563
93,163    0,000248924683546647    336,225219726563
93,253    0,000249678356340155    337,250793457031
93,343    0,000249678356340155    337,250793457031
93,433    0,000250510667683557    338,197326660156
93,523    0,000250510667683557    338,197326660156
93,613    0,000251224730163813    339,22265625
93,703    0,000251224730163813    339,22265625
93,793    0,000251938297878951    340,169464111328
93,883    0,000251938297878951    340,169464111328
93,973    0,000252770638326183    341,194763183594
94,063    0,000252770638326183    341,194763183594
94,153    0,000253445119597018    342,141326904297
94,243    0,000253445119597018    342,141326904297
94,333    0,000254277430940419    343,166870117188
94,423    0,000254277430940419    343,166870117188
94,513    0,000254277430940419    343,166870117188
94,603    0,000254990998655558    344,192169189453
94,693    0,000254990998655558    344,192169189453
94,783    0,000255427468800917    345,138977050781
94,873    0,000255427468800917    345,138977050781
94,963    0,000256299885222688    346,085540771484
95,053    0,000256299885222688    346,085540771484
95,143    0,000257330655585974    347,11083984375
95,233    0,000257330655585974    347,11083984375
95,323    0,000258361425949261    348,136413574219
95,413    0,000258361425949261    348,136413574219
95,503    0,000258956220932305    349,082977294922
95,593    0,000258956220932305    349,082977294922
95,683    0,000259630207438022    350,108520507813
95,773    0,000259630207438022    350,108520507813
95,863    0,000260542205069214    351,055084228516
95,953    0,000260542205069214    351,055084228516
96,043    0,000261295353993773    352,080383300781
96,133    0,000261295353993773    352,080383300781
96,223    0,00026200944557786    353,026947021484
96,313    0,00026200944557786    353,026947021484
96,403    0,000262643821770325    354,052490234375
96,493    0,000262643821770325    354,052490234375
96,583    0,000263158959569409    354,999053955078
96,673    0,000263158959569409    354,999053955078
96,763    0,000263753754552454    356,024627685547
96,853    0,000263753754552454    356,024627685547
96,943    0,000264705362496898    356,971160888672
97,033    0,000264705362496898    356,971160888672
97,123    0,000265538197709247    357,996490478516
97,213    0,000265538197709247    357,996490478516
97,303    0,000266212155111134    358,943298339844
97,394    0,000266212155111134    358,943298339844
97,484    0,000267084571532905    359,968597412109
97,574    0,000267084571532905    359,968597412109
97,664    0,000267084571532905    359,968597412109
97,754    0,000268036179477349    360,915161132813
97,844    0,000268036179477349    360,915161132813
97,934    0,000268789328401908    361,940704345703
98,024    0,000268789328401908    361,940704345703
98,114    0,000269622163614258    362,966003417969
98,204    0,000269622163614258    362,966003417969
98,294    0,000270494056167081    363,912811279297
98,384    0,000270494056167081    363,912811279297
98,475    0,000271128461463377    364,859375
98,564    0,000271128461463377    364,859375
98,655    0,000271762866759673    365,884674072266
98,745    0,000271762866759673    365,884674072266
98,835    0,000276362465228885    366,831237792969
98,925    0,000276362465228885    366,831237792969
99,015    0,000281080836430192    367,856811523438
99,105    0,000281080836430192    367,856811523438
99,195    0,000281873566564173    368,803344726563
99,285    0,000281873566564173    368,803344726563
99,375    0,000282548047835007    369,749908447266
99,465    0,000282548047835007    369,749908447266
99,555    0,000283459550701082    370,775482177734
99,646    0,000283459550701082    370,775482177734
99,736    0,000284331967122853    371,722015380859
99,826    0,000284331967122853    371,722015380859
99,916    0,000285125221125782    372,747589111328
100,006    0,000285125221125782    372,747589111328
100,096    0,000286116410279647    373,694152832031
100,186    0,000286116410279647    373,694152832031
100,276    0,000286948721623048    374,719451904297
100,366    0,000286948721623048    374,719451904297
100,457    0,000287900300463662    375,666015625
100,547    0,000287900300463662    375,666015625
100,637    0,000288931594695896    376,691558837891
100,727    0,000288931594695896    376,691558837891
100,817    0,000290081108687446    377,638122558594
100,907    0,000290081108687446    377,638122558594
100,997    0,000290081108687446    377,638122558594
101,087    0,000291032687528059    378,663665771484
101,177    0,000291032687528059    378,663665771484
101,267    0,000291389995254576    379,610229492188
101,357    0,000291389995254576    379,610229492188
101,447    0,000291944685159251    380,635528564453
101,537    0,000291944685159251    380,635528564453
101,627    0,000292658776743338    381,582092285156
101,717    0,000292658776743338    381,582092285156
101,807    0,000293213495751843    382,528900146484
101,897    0,000293213495751843    382,528900146484
101,987    0,000293768709525466    383,55419921875
102,077    0,000293768709525466    383,55419921875
102,167    0,000294403114821762    384,500762939453
102,256    0,000294403114821762    384,500762939453
102,346    0,000295156263746321    385,526336669922
102,436    0,000295156263746321    385,526336669922
102,526    0,000295949488645419    386,472869873047
102,616    0,000295949488645419    386,472869873047
102,706    0,000296702637569979    387,498443603516
102,796    0,000296702637569979    387,498443603516
102,886    0,000297654245514423    388,445007324219
102,976    0,000297654245514423    388,445007324219
103,066    0,000298962608212605    389,470306396484
103,156    0,000298962608212605    389,470306396484
103,247    0,000299835024634376    390,416870117188
103,337    0,000299835024634376    390,416870117188
103,427    0,000300429848721251    391,442413330078
103,517    0,000300429848721251    391,442413330078
103,607    0,000301223073620349    392,388977050781
103,697    0,000301223073620349    392,388977050781
103,787    0,000302134576486424    393,414520263672
103,877    0,000302134576486424    393,414520263672
103,967    0,000303046603221446    394,361083984375
104,057    0,000303046603221446    394,361083984375
104,147    0,000303046603221446    394,361083984375
104,237    0,000303919019643217    395,386383056641
104,327    0,000303919019643217    395,386383056641
104,417    0,00030483101727441    396,333190917969
104,507    0,00030483101727441    396,333190917969
104,597    0,000305465393466875    397,279754638672
104,687    0,000305465393466875    397,279754638672
104,777    0,000305981055134907    398,305053710938
104,867    0,000305981055134907    398,305053710938
104,956    0,0003068930527661    399,251617431641
105,046    0,0003068930527661    399,251617431641
105,136    0,00030808214796707    400,277191162109
105,226    0,00030808214796707    400,277191162109
105,316    0,000309113413095474    401,223724365234
105,406    0,000309113413095474    401,223724365234
105,496    0,000309985334752128    402,249298095703
105,586    0,000309985334752128    402,249298095703
105,676    0,000310857751173899    403,195861816406
105,766    0,000310857751173899    403,195861816406
105,856    0,000311690586386248    404,142395019531
105,946    0,000311690586386248    404,142395019531
106,036    0,000312364572891966    405,167724609375
106,126    0,000312364572891966    405,167724609375
106,216    0,000313196884235367    406,114532470703
106,306    0,000313196884235367    406,114532470703
106,396    0,000313990138238296    407,061065673828
106,486    0,000313990138238296    407,061065673828
106,576    0,000314862554660067    408,086395263672
106,665    0,000314862554660067    408,086395263672
106,756    0,000316329271299765    409,032928466797
106,846    0,000316329271299765    409,032928466797
106,936    0,000317360536428168    410,058502197266
107,026    0,000317360536428168    410,058502197266
107,116    0,000317994941724464    411,005065917969
107,206    0,000317994941724464    411,005065917969
107,296    0,000317994941724464    411,005065917969
107,386    0,000317994941724464    411,005065917969
107,476    0,000317994941724464    411,005065917969
107,566    0,000320215302053839    412,977172851563
107,656    0,000320215302053839    412,977172851563
107,746    0,000320849707350135    414,002593994141
107,835    0,000320849707350135    414,002593994141
107,926    0,000321285653626546    414,949157714844
108,016    0,000321285653626546    414,949157714844
108,106    0,000322276842780411    415,895721435547
108,196    0,000322276842780411    415,895721435547
108,286    0,00032346646185033    416,921142578125
108,376    0,00032346646185033    416,921142578125
108,466    0,000324457621900365    417,946716308594
108,556    0,000324457621900365    417,946716308594
108,646    0,000325647240970284    418,893249511719
108,736    0,000325647240970284    418,893249511719
108,826    0,000326559238601476    419,918701171875
108,916    0,000326559238601476    419,918701171875
109,006    0,000327233225107193    420,786376953125
109,096    0,000327233225107193    420,786376953125
109,186    0,000327986374031752    421,733062744141
109,276    0,000327986374031752    421,733062744141
109,366    0,000328779628034681    422,758483886719
109,456    0,000328779628034681    422,758483886719
109,546    0,000330008828314021    423,705047607422
109,636    0,000330008828314021    423,705047607422
109,727    0,000331158342305571    424,651580810547
109,817    0,000331158342305571    424,651580810547
109,907    0,000332070369040594    425,677032470703
109,997    0,000332070369040594    425,677032470703
110,087    0,000332863593939692    426,702575683594
110,177    0,000332863593939692    426,702575683594
110,268    0,000333933945512399    427,649139404297
110,358    0,000333933945512399    427,649139404297
110,448    0,000335004297085106    428,595703125
110,538    0,000335004297085106    428,595703125
110,628    0,000335004297085106    428,595703125
110,718    0,000335876713506877    429,621124267578
110,808    0,000335876713506877    429,621124267578
110,898    0,000336669967509806    430,567687988281
110,988    0,000336669967509806    430,567687988281
111,078    0,000337343954015523    431,59326171875
111,168    0,000337343954015523    431,59326171875
111,258    0,000337978330207989    432,539794921875
111,348    0,000337978330207989    432,539794921875
111,438    0,00033885074662976    433,486358642578
111,528    0,00033885074662976    433,486358642578
111,618    0,000340119557222351    434,511779785156
111,708    0,000340119557222351    434,511779785156
111,798    0,000341150298481807    435,458343505859
111,888    0,000341150298481807    435,458343505859
111,978    0,000341903447406366    436,405029296875
112,068    0,000341903447406366    436,405029296875
112,159    0,000342815474141389    437,430450439453
112,249    0,000342815474141389    437,430450439453
112,339    0,000344005093211308    438,377014160156
112,429    0,000344005093211308    438,377014160156
112,519    0,000345154607202858    439,402435302734
112,609    0,000345154607202858    439,402435302734
112,699    0,00034606660483405    440,348999023438
112,789    0,00034606660483405    440,348999023438
112,879    0,00034729580511339    441,374572753906
112,969    0,00034729580511339    441,374572753906
113,059    0,000348763045622036    442,321105957031
113,149    0,000348763045622036    442,321105957031
113,239    0,000350071408320218    443,267669677734
113,329    0,000350071408320218    443,267669677734
113,419    0,000351102178683504    444,293121337891
113,509    0,000351102178683504    444,293121337891
113,599    0,000351855822373182    445,239776611328
113,69    0,000351855822373182    445,239776611328
113,78    0,000351855822373182    445,239776611328
113,87    0,000351855822373182    445,239776611328
113,96    0,000351855822373182    445,239776611328
114,05    0,000353838171577081    447,211761474609
114,14    0,000353838171577081    447,211761474609
114,23    0,000355265307007357    448,158325195313
114,319    0,000355265307007357    448,158325195313
114,409    0,000356692966306582    449,183776855469
114,499    0,000356692966306582    449,183776855469
114,589    0,000357802899088711    450,130432128906
