sec"    "mA"    "mV
0,715    0,000103727179521229    -118,921890258789
1,374    7,39898459869437E-5    -118,921890258789
2,032    6,25311731710099E-5    -119,00089263916
2,69    5,84472036280204E-5    -118,921890258789
3,349    5,52356468688231E-5    -119,00089263916
4,007    5,34913197043352E-5    -119,00089263916
4,666    5,17860680702142E-5    -119,00089263916
5,324    5,05969619553071E-5    -119,00089263916
5,983    4,98828885611147E-5    -119,00089263916
6,641    4,90901475131977E-5    -119,00089263916
7,3    4,86536846437957E-5    -119,00089263916
7,958    4,80593844258692E-5    -119,00089263916
8,617    4,76229215564672E-5    -119,00089263916
9,676    4,70281156594865E-5    -119,00089263916
10,098    4,68301841465291E-5    -119,00089263916
10,184    5,41257140866946E-5    -118,921890258789
10,269    5,41257140866946E-5    -118,921890258789
10,355    6,37999619357288E-5    -118,212097167969
10,441    6,37999619357288E-5    -118,212097167969
10,526    6,69719302095473E-5    -117,107780456543
10,612    6,69719302095473E-5    -117,107780456543
10,698    6,88355285092257E-5    -116,003471374512
10,784    6,88355285092257E-5    -116,003471374512
10,87    6,99855590937659E-5    -114,977912902832
10,955    6,99855590937659E-5    -114,977912902832
11,041    6,99855590937659E-5    -114,977912902832
11,127    7,07387080183253E-5    -113,873596191406
11,212    7,07387080183253E-5    -113,873596191406
11,298    7,16111244400963E-5    -112,76927947998
11,384    7,16111244400963E-5    -112,76927947998
11,47    7,24439596524462E-5    -111,664970397949
11,555    7,24439596524462E-5    -111,664970397949
11,641    7,30783503968269E-5    -110,639404296875
11,727    7,30783503968269E-5    -110,639404296875
11,813    7,35934809199534E-5    -109,535095214844
11,898    7,35934809199534E-5    -109,535095214844
11,984    7,42278716643341E-5    -108,430778503418
12,07    7,42278716643341E-5    -108,430778503418
12,155    7,42278716643341E-5    -108,430778503418
12,241    7,49414393794723E-5    -107,405220031738
12,327    7,49414393794723E-5    -107,405220031738
12,413    7,5496660429053E-5    -106,300903320313
12,498    7,5496660429053E-5    -106,300903320313
12,584    7,59727117838338E-5    -105,275596618652
12,67    7,59727117838338E-5    -105,275596618652
12,755    7,64086653362028E-5    -104,171035766602
12,841    7,64086653362028E-5    -104,171035766602
12,927    7,69638863857836E-5    -103,145721435547
13,012    7,69638863857836E-5    -103,145721435547
13,098    7,7558695920743E-5    -102,041412353516
13,184    7,7558695920743E-5    -102,041412353516
13,269    7,7558695920743E-5    -102,041412353516
13,355    7,79550609877333E-5    -100,93709564209
13,441    7,79550609877333E-5    -100,93709564209
13,527    7,83910218160599E-5    -99,9115371704102
13,612    7,83910218160599E-5    -99,9115371704102
13,698    7,8827484685462E-5    -98,8072204589844
13,784    7,8827484685462E-5    -98,8072204589844
13,869    7,92238497524522E-5    -97,7816619873047
13,955    7,92238497524522E-5    -97,7816619873047
14,041    7,9699901107233E-5    -96,6773452758789
14,127    7,9699901107233E-5    -96,6773452758789
14,212    7,98978289822116E-5    -95,6517868041992
14,298    7,98978289822116E-5    -95,6517868041992
14,384    7,98978289822116E-5    -95,6517868041992
14,469    7,98978289822116E-5    -95,6517868041992
14,555    7,98978289822116E-5    -95,6517868041992
14,641    7,94222869444638E-5    -93,5221633911133
14,727    7,94222869444638E-5    -93,5221633911133
14,812    7,99374174675904E-5    -92,4966049194336
14,898    7,99374174675904E-5    -92,4966049194336
14,984    8,03342918516137E-5    -91,3922958374023
15,07    8,03342918516137E-5    -91,3922958374023
15,156    8,07702526799403E-5    -90,3667297363281
15,241    8,07702526799403E-5    -90,3667297363281
15,327    8,1404643424321E-5    -89,2624206542969
15,413    8,1404643424321E-5    -89,2624206542969
15,499    8,19202759885229E-5    -88,2371139526367
15,585    8,19202759885229E-5    -88,2371139526367
15,671    8,19202759885229E-5    -88,2371139526367
15,757    8,2277059846092E-5    -87,2115478515625
15,842    8,2277059846092E-5    -87,2115478515625
15,928    8,26734321890399E-5    -86,1072387695313
16,014    8,26734321890399E-5    -86,1072387695313
16,1    8,31093857414089E-5    -85,081672668457
16,186    8,31093857414089E-5    -85,081672668457
16,272    8,33869999041781E-5    -84,0563659667969
16,357    8,33869999041781E-5    -84,0563659667969
16,443    8,398180216318E-5    -82,9520568847656
16,529    8,398180216318E-5    -82,9520568847656
16,615    8,46557813929394E-5    -81,9264907836914
16,701    8,46557813929394E-5    -81,9264907836914
16,787    8,46557813929394E-5    -81,9264907836914
16,872    8,50125652505085E-5    -80,8221817016602
16,958    8,50125652505085E-5    -80,8221817016602
17,044    8,53693491080776E-5    -79,7966232299805
17,129    8,53693491080776E-5    -79,7966232299805
17,215    8,58454004628584E-5    -78,7713088989258
17,301    8,58454004628584E-5    -78,7713088989258
17,387    8,62813540152274E-5    -77,7457504272461
17,473    8,62813540152274E-5    -77,7457504272461
17,559    8,67574053700082E-5    -76,6414413452148
17,644    8,67574053700082E-5    -76,6414413452148
17,73    8,74313845997676E-5    -75,6158752441406
17,816    8,74313845997676E-5    -75,6158752441406
17,902    8,74313845997676E-5    -75,6158752441406
17,988    8,79866056493483E-5    -74,5115661621094
18,074    8,79866056493483E-5    -74,5115661621094
18,16    8,83829707163386E-5    -73,4862594604492
18,246    8,83829707163386E-5    -73,4862594604492
18,332    8,88585127540864E-5    -72,460693359375
18,418    8,88585127540864E-5    -72,460693359375
18,503    8,93345641088672E-5    -71,3563842773438
18,589    8,93345641088672E-5    -71,3563842773438
18,675    8,98897851584479E-5    -70,3308181762695
18,761    8,98897851584479E-5    -70,3308181762695
18,847    9,06429413589649E-5    -69,2265090942383
18,932    9,06429413589649E-5    -69,2265090942383
19,018    9,13169205887243E-5    -68,2012023925781
19,104    9,13169205887243E-5    -68,2012023925781
19,189    9,13169205887243E-5    -68,2012023925781
19,275    9,17132856557146E-5    -67,1756362915039
19,361    9,17132856557146E-5    -67,1756362915039
19,447    9,21497485251166E-5    -66,0713272094727
19,532    9,21497485251166E-5    -66,0713272094727
19,618    9,25857093534432E-5    -65,045768737793
19,704    9,25857093534432E-5    -65,045768737793
19,789    9,31013419176452E-5    -64,0204544067383
19,875    9,31013419176452E-5    -64,0204544067383
19,961    9,38149096327834E-5    -62,9158897399902
20,047    9,38149096327834E-5    -62,9158897399902
20,133    9,4449300377164E-5    -61,8905830383301
20,219    9,4449300377164E-5    -61,8905830383301
20,305    9,4449300377164E-5    -61,8905830383301
20,391    9,50836911215447E-5    -60,8650245666504
20,477    9,50836911215447E-5    -60,8650245666504
20,563    9,5638919447083E-5    -59,839714050293
20,649    9,5638919447083E-5    -59,839714050293
20,735    9,61941404966637E-5    -58,7354011535645
20,821    9,61941404966637E-5    -58,7354011535645
20,908    9,68285312410444E-5    -57,7098426818848
20,994    9,68285312410444E-5    -57,7098426818848
21,079    9,74629219854251E-5    -56,6842803955078
21,165    9,74629219854251E-5    -56,6842803955078
21,251    9,8216078185942E-5    -55,6589736938477
21,337    9,8216078185942E-5    -55,6589736938477
21,423    9,8216078185942E-5    -55,6589736938477
21,509    9,8216078185942E-5    -55,6589736938477
21,595    9,8216078185942E-5    -55,6589736938477
21,681    9,95244481600821E-5    -53,5290985107422
21,767    9,95244481600821E-5    -53,5290985107422
21,853    0,000100000499514863    -52,5035400390625
21,938    0,000100000499514863    -52,5035400390625
22,024    0,000100595309049822    -51,4782295227051
22,11    0,000100595309049822    -51,4782295227051
22,196    0,000101269288279582    -50,3739166259766
22,282    0,000101269288279582    -50,3739166259766
22,368    0,000102260462881532    -49,3483543395996
22,454    0,000102260462881532    -49,3483543395996
22,54    0,00010321205627406    -48,3227958679199
22,626    0,00010321205627406    -48,3227958679199
22,712    0,00010321205627406    -48,3227958679199
22,798    0,00010380686580902    -47,2974891662598
22,884    0,00010380686580902    -47,2974891662598
22,969    0,000104401668068022    -46,193172454834
23,055    0,000104401668068022    -46,193172454834
23,141    0,00010519440547796    -45,1676139831543
23,227    0,00010519440547796    -45,1676139831543
23,313    0,000105907973193098    -44,1420516967773
23,399    0,000105907973193098    -44,1420516967773
23,485    0,000106581952422857    -43,1167449951172
23,57    0,000106581952422857    -43,1167449951172
23,656    0,000107533545815386    -42,0911865234375
23,742    0,000107533545815386    -42,0911865234375
23,828    0,000107533545815386    -42,0911865234375
23,914    0,000108366373751778    -41,0658760070801
23,999    0,000108366373751778    -41,0658760070801
24,085    0,000109159620478749    -39,9615631103516
24,171    0,000109159620478749    -39,9615631103516
24,257    0,000110190383566078    -38,9360046386719
24,343    0,000110190383566078    -38,9360046386719
24,429    0,000111141976958606    -37,9104423522949
24,515    0,000111141976958606    -37,9104423522949
24,601    0,000112133151560556    -36,8851356506348
24,687    0,000112133151560556    -36,8851356506348
24,773    0,000113203503133263    -35,8595733642578
24,858    0,000113203503133263    -35,8595733642578
24,944    0,000113203503133263    -35,8595733642578
25,03    0,000113203503133263    -35,8595733642578
25,116    0,000113203503133263    -35,8595733642578
25,202    0,000114948335976806    -33,7297019958496
25,288    0,000114948335976806    -33,7297019958496
25,374    0,000115701492177323    -32,7043914794922
25,459    0,000115701492177323    -32,7043914794922
25,545    0,000116494738904294    -31,6788311004639
25,631    0,000116494738904294    -31,6788311004639
25,717    0,000117485913506243    -30,6535243988037
25,803    0,000117485913506243    -30,6535243988037
25,889    0,000118675525300205    -29,6279640197754
25,975    0,000118675525300205    -29,6279640197754
26,061    0,000119864635053091    -28,6024036407471
26,147    0,000119864635053091    -28,6024036407471
26,233    0,000119864635053091    -28,6024036407471
26,318    0,000120935495942831    -27,4980888366699
26,404    0,000120935495942831    -27,4980888366699
26,49    0,000121926670544781    -26,4727821350098
26,576    0,000121926670544781    -26,4727821350098
26,662    0,000122997022117488    -25,4472217559814
26,747    0,000122997022117488    -25,4472217559814
26,833    0,00012410746421665    -24,4216613769531
26,919    0,00012410746421665    -24,4216613769531
27,005    0,000125376245705411    -23,3963527679443
27,09    0,000125376245705411    -23,3963527679443
27,176    0,000126645041746087    -22,370792388916
27,262    0,000126645041746087    -22,370792388916
27,347    0,000126645041746087    -22,370792388916
27,433    0,00012779506505467    -21,3454837799072
27,519    0,00012779506505467    -21,3454837799072
27,605    0,000129023756016977    -20,2409191131592
27,69    0,000129023756016977    -20,2409191131592
27,776    0,000130292552057654    -19,2156105041504
27,862    0,000130292552057654    -19,2156105041504
27,947    0,000131442575366236    -18,1900501251221
28,033    0,000131442575366236    -18,1900501251221
28,119    0,000132830115035176    -17,1647415161133
28,205    0,000132830115035176    -17,1647415161133
28,29    0,000134456204250455    -16,139181137085
28,376    0,000134456204250455    -16,139181137085
28,462    0,000134456204250455    -16,139181137085
28,548    0,000134456204250455    -16,139181137085
28,633    0,000134456204250455    -16,139181137085
28,719    0,000137033362989314    -14,0093078613281
28,805    0,000137033362989314    -14,0093078613281
28,891    0,000138420902658254    -12,9840002059937
28,976    0,000138420902658254    -12,9840002059937
29,062    0,000139808456879109    -11,9584398269653
29,148    0,000139808456879109    -11,9584398269653
29,234    0,000141196505865082    -10,932879447937
29,32    0,000141196505865082    -10,932879447937
29,406    0,000142703313031234    -9,90757083892822
29,491    0,000142703313031234    -9,90757083892822
29,577    0,000144408055348322    -8,8820104598999
29,663    0,000144408055348322    -8,8820104598999
29,749    0,000144408055348322    -8,8820104598999
29,834    0,000145914877066389    -7,85670280456543
29,92    0,000145914877066389    -7,85670280456543
30,006    0,000147381593706086    -6,75213670730591
30,091    0,000147381593706086    -6,75213670730591
30,177    0,000148769642692059    -5,72682905197144
30,263    0,000148769642692059    -5,72682905197144
30,349    0,000150236359331757    -4,70126867294312
30,435    0,000150236359331757    -4,70126867294312
30,52    0,000151981206727214    -3,67596054077148
30,606    0,000151981206727214    -3,67596054077148
30,692    0,000153765620780177    -2,65040016174316
30,778    0,000153765620780177    -2,65040016174316
30,863    0,000153765620780177    -2,65040016174316
30,949    0,000155589121277444    -1,62483990192413
31,035    0,000155589121277444    -1,62483990192413
31,121    0,000157294372911565    -0,599531888961792
31,207    0,000157294372911565    -0,599531888961792
31,293    0,000158761089551263    0,426028460264206
31,389    0,000158761089551263    0,426028460264206
31,479    0,000160109557327814    1,53034210205078
31,569    0,000160109557327814    1,53034210205078
31,66    0,000161576273967512    2,5559024810791
31,75    0,000161576273967512    2,5559024810791
31,84    0,000163281525601633    3,58121037483215
31,93    0,000163281525601633    3,58121037483215
32,021    0,00016518471238669    4,60677099227905
32,111    0,00016518471238669    4,60677099227905
32,201    0,000166929035913199    5,63207864761353
32,291    0,000166929035913199    5,63207864761353
32,382    0,00016863428754732    6,65763902664185
32,472    0,00016863428754732    6,65763902664185
32,562    0,000170378625625744    7,68319940567017
32,653    0,000170378625625744    7,68319940567017
32,743    0,000172202620888129    8,7085075378418
32,833    0,000172202620888129    8,7085075378418
32,923    0,000174224565853365    9,73406791687012
33,014    0,000174224565853365    9,73406791687012
33,104    0,000176048575667664    10,7593755722046
33,194    0,000176048575667664    10,7593755722046
33,284    0,000177674141013995    11,7849359512329
33,374    0,000177674141013995    11,7849359512329
33,465    0,000179458569618873    12,8104963302612
33,555    0,000179458569618873    12,8104963302612
33,645    0,000179458569618873    12,8104963302612
33,736    0,000181163311935961    13,8358039855957
33,826    0,000181163311935961    13,8358039855957
33,916    0,000182709714863449    14,861364364624
34,006    0,000182709714863449    14,861364364624
34,096    0,000184414457180537    15,9656782150269
34,186    0,000184414457180537    15,9656782150269
34,276    0,000186238466994837    16,9912395477295
34,366    0,000186238466994837    16,9912395477295
34,456    0,000187983299838379    18,0165462493896
34,546    0,000187983299838379    18,0165462493896
34,636    0,0001898468908621    19,042106628418
34,726    0,0001898468908621    19,042106628418
34,816    0,000191750077647157    20,0674152374268
34,906    0,000191750077647157    20,0674152374268
34,996    0,000193415224202909    21,0139694213867
35,086    0,000193415224202909    21,0139694213867
35,176    0,000195001222891733    22,1185359954834
35,267    0,000195001222891733    22,1185359954834
35,357    0,000196626788238063    23,1438446044922
35,447    0,000196626788238063    23,1438446044922
35,537    0,000198371621081606    24,1694049835205
35,627    0,000198371621081606    24,1694049835205
35,717    0,000200195121578872    25,1947116851807
35,807    0,000200195121578872    25,1947116851807
35,898    0,000202019131393172    26,220272064209
35,988    0,000202019131393172    26,220272064209
36,078    0,000203644696739502    27,1668262481689
36,168    0,000203644696739502    27,1668262481689
36,259    0,000205309857847169    28,1923866271973
36,348    0,000205309857847169    28,1923866271973
36,439    0,000206975528271869    29,2176952362061
36,529    0,000206975528271869    29,2176952362061
36,619    0,000208482335438021    30,2432556152344
36,709    0,000208482335438021    30,2432556152344
36,8    0,000209988647839054    31,2688159942627
36,89    0,000209988647839054    31,2688159942627
36,98    0,000209988647839054    31,2688159942627
37,07    0,000211574631975964    32,2941246032715
37,16    0,000211574631975964    32,2941246032715
37,25    0,000213081439142115    33,3984375
37,34    0,000213081439142115    33,3984375
37,43    0,000214826271985658    34,423999786377
37,521    0,000214826271985658    34,423999786377
37,611    0,000216491433093324    35,4495582580566
37,701    0,000216491433093324    35,4495582580566
37,791    0,000217839391552843    36,4748649597168
37,881    0,000217839391552843    36,4748649597168
37,971    0,000219108173041604    37,4214210510254
38,061    0,000219108173041604    37,4214210510254
38,151    0,000220020185224712    38,4469833374023
38,241    0,000220020185224712    38,4469833374023
38,332    0,000221011359826662    39,4722900390625
38,422    0,000221011359826662    39,4722900390625
38,512    0,000222161383135244    40,4978485107422
38,602    0,000222161383135244    40,4978485107422
38,692    0,000223231734707952    41,5234107971191
38,782    0,000223231734707952    41,5234107971191
38,872    0,000224421353777871    42,5487174987793
38,962    0,000224421353777871    42,5487174987793
39,053    0,000225769312237389    43,5742797851563
39,143    0,000225769312237389    43,5742797851563
39,233    0,000227157361223362    44,5995864868164
39,324    0,000227157361223362    44,5995864868164
39,414    0,000228306889766827    45,6251449584961
39,504    0,000228306889766827    45,6251449584961
39,594    0,000229417331865989    46,650707244873
39,685    0,000229417331865989    46,650707244873
39,775    0,000230566845857538    47,6760139465332
39,865    0,000230566845857538    47,6760139465332
39,956    0,000231558035011403    48,7015762329102
40,046    0,000231558035011403    48,7015762329102
40,136    0,000232470032642595    49,7271347045898
40,226    0,000232470032642595    49,7271347045898
40,317    0,000232470032642595    49,7271347045898
40,407    0,000232470032642595    49,7271347045898
40,497    0,000232470032642595    49,7271347045898
40,587    0,000234135703067295    51,778003692627
40,678    0,000234135703067295    51,778003692627
40,768    0,000234849256230518    52,8033103942871
40,858    0,000234849256230518    52,8033103942871
40,948    0,000235483661526814    53,7498664855957
41,039    0,000235483661526814    53,7498664855957
41,129    0,000236118052271195    54,7754287719727
41,219    0,000236118052271195    54,7754287719727
41,31    0,000236712861806154    55,8009872436523
41,4    0,000236712861806154    55,8009872436523
41,49    0,000237267566262744    56,8262939453125
41,58    0,000237267566262744    56,8262939453125
41,671    0,000237942062085494    57,8518562316895
41,761    0,000237942062085494    57,8518562316895
41,851    0,000238933236687444    58,8774147033691
41,942    0,000238933236687444    58,8774147033691
42,032    0,00023972598137334    59,9027252197266
42,122    0,00023972598137334    59,9027252197266
42,213    0,000239805143792182    60,9282836914063
42,303    0,000239805143792182    60,9282836914063
42,393    0,00023972598137334    61,9535942077637
42,484    0,00023972598137334    61,9535942077637
42,574    0,000240082750678994    62,9791526794434
42,665    0,000240082750678994    62,9791526794434
42,755    0,000240440043853596    64,0047149658203
42,845    0,000240440043853596    64,0047149658203
42,935    0,000240836423472501    65,0300216674805
43,025    0,000240836423472501    65,0300216674805
43,115    0,000241232788539492    65,9765777587891
43,205    0,000241232788539492    65,9765777587891
43,296    0,000241549976635724    67,0021362304688
43,386    0,000241549976635724    67,0021362304688
43,476    0,000241827598074451    68,0274429321289
43,566    0,000241827598074451    68,0274429321289
43,657    0,00024194635625463    69,0530014038086
43,747    0,00024194635625463    69,0530014038086
43,837    0,000242144786170684    70,0785675048828
43,927    0,000242144786170684    70,0785675048828
44,017    0,000242144786170684    70,0785675048828
44,108    0,000242303140112199    71,103874206543
44,198    0,000242303140112199    71,103874206543
44,288    0,000242343230638653    72,1294326782227
44,378    0,000242343230638653    72,1294326782227
44,469    0,000242303140112199    73,0759887695313
44,559    0,000242303140112199    73,0759887695313
44,649    0,000242263544350863    74,1015472412109
44,739    0,000242263544350863    74,1015472412109
44,829    0,000242263544350863    75,1268539428711
44,919    0,000242263544350863    75,1268539428711
45,009    0,000242223963141441    76,1524200439453
45,099    0,000242223963141441    76,1524200439453
45,19    0,000242144786170684    77,1777267456055
45,28    0,000242144786170684    77,1777267456055
45,37    0,000242026027990505    78,2032852172852
45,46    0,000242026027990505    78,2032852172852
45,551    0,00024194635625463    79,2288436889648
45,641    0,00024194635625463    79,2288436889648
45,731    0,000241827598074451    80,254150390625
45,822    0,000241827598074451    80,254150390625
45,912    0,000241629153606482    81,2797164916992
46,003    0,000241629153606482    81,2797164916992
46,093    0,000241629153606482    82,2262649536133
46,184    0,000241629153606482    82,2262649536133
46,274    0,000241589572397061    83,2518310546875
46,364    0,000241589572397061    83,2518310546875
46,454    0,000241549976635724    84,2771377563477
46,545    0,000241549976635724    84,2771377563477
46,635    0,000241549976635724    85,3026962280273
46,725    0,000241549976635724    85,3026962280273
46,816    0,000241391637246124    86,3280029296875
46,906    0,000241391637246124    86,3280029296875
46,996    0,000241153611568734    87,3535614013672
47,087    0,000241153611568734    87,3535614013672
47,177    0,000240796827711165    88,3791275024414
47,267    0,000240796827711165    88,3791275024414
47,357    0,000240440043853596    89,32568359375
47,447    0,000240440043853596    89,32568359375
47,538    0,000240440043853596    89,32568359375
47,628    0,000240122855757363    90,3509902954102
47,719    0,000240122855757363    90,3509902954102
47,809    0,000239805143792182    91,3765487670898
47,899    0,000239805143792182    91,3765487670898
47,989    0,000239448359934613    92,4021072387695
48,08    0,000239448359934613    92,4021072387695
48,17    0,000239170753047802    93,4274139404297
48,26    0,000239170753047802    93,4274139404297
48,351    0,000238813969190232    94,4529800415039
48,441    0,000238813969190232    94,4529800415039
48,531    0,000238219159655273    95,399528503418
48,622    0,000238219159655273    95,399528503418
48,712    0,000237981643294916    96,4250946044922
48,802    0,000237981643294916    96,4250946044922
48,893    0,000238060820265673    97,4504013061523
48,984    0,000238060820265673    97,4504013061523
49,074    0,000237822794588283    98,475959777832
49,164    0,000237822794588283    98,475959777832
49,254    0,000237347252550535    99,5012664794922
49,345    0,000237347252550535    99,5012664794922
49,435    0,000237030049902387    100,526824951172
49,525    0,000237030049902387    100,526824951172
49,615    0,000236871201195754    101,552391052246
49,706    0,000236871201195754    101,552391052246
49,796    0,000236553998547606    102,498947143555
49,886    0,000236553998547606    102,498947143555
49,976    0,000236118052271195    103,524253845215
50,067    0,000236118052271195    103,524253845215
50,157    0,000235761268413626    104,549812316895
50,247    0,000235761268413626    104,549812316895
50,338    0,000235404484556057    105,575370788574
50,428    0,000235404484556057    105,575370788574
50,518    0,000234968014410697    106,600677490234
50,609    0,000234968014410697    106,600677490234
50,699    0,000234611245105043    107,547233581543
50,789    0,000234611245105043    107,547233581543
50,879    0,000234412800637074    108,572792053223
50,97    0,000234412800637074    108,572792053223
51,06    0,000234016435570084    109,598106384277
51,15    0,000234016435570084    109,598106384277
51,241    0,000234016435570084    109,598106384277
51,331    0,000233738814131357    110,623664855957
51,421    0,000233738814131357    110,623664855957
51,511    0,000233382030273788    111,649223327637
51,602    0,000233382030273788    111,649223327637
51,692    0,00023290648823604    112,674530029297
51,782    0,00023290648823604    112,674530029297
51,873    0,000232589300139807    113,700088500977
51,963    0,000232589300139807    113,700088500977
52,053    0,000232192425755784    114,646644592285
52,143    0,000232192425755784    114,646644592285
52,234    0,00023191531363409    115,672210693359
52,324    0,00023191531363409    115,672210693359
52,414    0,000231756464927457    116,69751739502
52,505    0,000231756464927457    116,69751739502
52,595    0,000231598125537857    117,723075866699
52,685    0,000231598125537857    117,723075866699
52,775    0,000231320504099131    118,669631958008
52,866    0,000231320504099131    118,669631958008
52,956    0,000230923629715107    119,695190429688
53,046    0,000230923629715107    119,695190429688
53,136    0,000230725709116086    120,720497131348
53,226    0,000230725709116086    120,720497131348
53,317    0,000230527264648117    121,746055603027
53,407    0,000230527264648117    121,746055603027
53,497    0,000230329329497181    122,771369934082
53,587    0,000230329329497181    122,771369934082
53,678    0,000230012141400948    123,717918395996
53,768    0,000230012141400948    123,717918395996
53,858    0,000229813696932979    124,74348449707
53,948    0,000229813696932979    124,74348449707
54,039    0,000229774115723558    125,76904296875
54,129    0,000229774115723558    125,76904296875
54,219    0,000229536090046167    126,79434967041
54,309    0,000229536090046167    126,79434967041
54,4    0,00022906054800842    127,740905761719
54,49    0,00022906054800842    127,740905761719
54,58    0,000228584496653639    128,766464233398
54,67    0,000228584496653639    128,766464233398
54,76    0,000228584496653639    128,766464233398
54,85    0,000228108954615891    129,792022705078
54,94    0,000228108954615891    129,792022705078
55,03    0,000227791751967743    130,817337036133
55,12    0,000227791751967743    130,817337036133
55,21    0,00022763290326111    131,842895507813
55,301    0,00022763290326111    131,842895507813
55,391    0,000227315715164877    132,789443969727
55,481    0,000227315715164877    132,789443969727
55,571    0,00022699851251673    133,815002441406
55,661    0,00022699851251673    133,815002441406
55,751    0,000226879754336551    134,840316772461
55,841    0,000226879754336551    134,840316772461
55,932    0,00022664172865916    135,865875244141
56,022    0,00022664172865916    135,865875244141
56,112    0,000226602147449739    136,891189575195
56,202    0,000226602147449739    136,891189575195
56,292    0,000226522970478982    137,916748046875
56,382    0,000226522970478982    137,916748046875
56,473    0,000226364121772349    138,942306518555
56,563    0,000226364121772349    138,942306518555
56,653    0,000226324540562928    139,888854980469
56,743    0,000226324540562928    139,888854980469
56,834    0,00022624536359217    140,914169311523
56,924    0,00022624536359217    140,914169311523
57,014    0,000226205767830834    141,939727783203
57,104    0,000226205767830834    141,939727783203
57,195    0,00022616567730438    142,965042114258
57,285    0,00022616567730438    142,965042114258
57,375    0,000225928160944022    143,911849975586
57,465    0,000225928160944022    143,911849975586
57,556    0,00022561097284779    144,937149047852
57,646    0,00022561097284779    144,937149047852
57,736    0,000225452109589241    145,962707519531
57,826    0,000225452109589241    145,962707519531
57,917    0,000225214083911851    146,909271240234
58,007    0,000225214083911851    146,909271240234
58,097    0,000225214083911851    146,909271240234
58,187    0,000225214083911851    146,909271240234
58,278    0,000225214083911851    146,909271240234
58,368    0,000224976567551494    148,96012878418
58,458    0,000224976567551494    148,96012878418
58,548    0,000224976567551494    149,985687255859
58,638    0,000224976567551494    149,985687255859
58,729    0,000224817718844861    151,011001586914
58,819    0,000224817718844861    151,011001586914
58,909    0,000224659379455261    151,957550048828
58,999    0,000224659379455261    151,957550048828
59,09    0,00022457969316747    152,983123779297
59,18    0,00022457969316747    152,983123779297
59,27    0,000224421353777871    154,008682250977
59,36    0,000224421353777871    154,008682250977
59,451    0,000224421353777871    155,033981323242
59,541    0,000224421353777871    155,033981323242
59,631    0,000224421353777871    155,980545043945
59,721    0,000224421353777871    155,980545043945
59,811    0,00022418332810048    157,006103515625
59,901    0,00022418332810048    157,006103515625
59,991    0,00022394530242309    158,031661987305
60,081    0,00022394530242309    158,031661987305
60,171    0,00022418332810048    159,056976318359
60,261    0,00022418332810048    159,056976318359
60,351    0,000224460934987292    160,003524780273
60,441    0,000224460934987292    160,003524780273
60,531    0,00022457969316747    161,029083251953
60,622    0,00022457969316747    161,029083251953
60,712    0,000224381772568449    162,054641723633
60,802    0,000224381772568449    162,054641723633
60,892    0,00022394530242309    163,001205444336
60,982    0,00022394530242309    163,001205444336
61,072    0,000223905721213669    164,026504516602
61,162    0,000223905721213669    164,026504516602
61,252    0,000223866125452332    165,052062988281
61,342    0,000223866125452332    165,052062988281
61,433    0,000223905721213669    166,077377319336
61,523    0,000223905721213669    166,077377319336
61,613    0,000223905721213669    166,077377319336
61,703    0,000223905721213669    166,077377319336
61,793    0,000223905721213669    166,077377319336
61,884    0,000223548937356099    168,04948425293
61,974    0,000223548937356099    168,04948425293
62,064    0,000223548937356099    169,075057983398
62,155    0,000223548937356099    169,075057983398
62,245    0,000223588518565521    170,021606445313
62,335    0,000223588518565521    170,021606445313
62,425    0,000224064569920301    171,046920776367
62,515    0,000224064569920301    171,046920776367
62,606    0,000224500530748628    171,993713378906
62,696    0,000224500530748628    171,993713378906
62,786    0,000224222909309901    173,019027709961
62,876    0,000224222909309901    173,019027709961
62,967    0,000224064569920301    174,044586181641
63,057    0,000224064569920301    174,044586181641
63,147    0,000224104151129723    174,991149902344
63,237    0,000224104151129723    174,991149902344
63,327    0,000224104151129723    176,016708374023
63,417    0,000224104151129723    176,016708374023
63,507    0,000224143746891059    177,042007446289
63,597    0,000224143746891059    177,042007446289
63,688    0,000224222909309901    177,988571166992
63,778    0,000224222909309901    177,988571166992
63,868    0,000224222909309901    179,014129638672
63,958    0,000224222909309901    179,014129638672
64,048    0,000224064569920301    180,039428710938
64,139    0,000224064569920301    180,039428710938
64,229    0,000224104151129723    180,986236572266
64,319    0,000224104151129723    180,986236572266
64,409    0,000224381772568449    182,01155090332
64,499    0,000224381772568449    182,01155090332
64,589    0,000224936986342072    183,037109375
64,679    0,000224936986342072    183,037109375
64,769    0,00022624536359217    183,983657836914
64,86    0,00022624536359217    183,983657836914
64,95    0,000227276119403541    185,008972167969
65,04    0,000227276119403541    185,008972167969
65,13    0,000227276119403541    185,008972167969
65,22    0,000227315715164877    186,034530639648
65,31    0,000227315715164877    186,034530639648
65,4    0,00022739487758372    186,981094360352
65,491    0,00022739487758372    186,981094360352
65,581    0,000227751661441289    188,006652832031
65,671    0,000227751661441289    188,006652832031
65,761    0,00022822771279607    189,031951904297
65,851    0,00022822771279607    189,031951904297
65,941    0,000228584496653639    190,057510375977
66,031    0,000228584496653639    190,057510375977
66,121    0,000228346470976248    191,00407409668
66,211    0,000228346470976248    191,00407409668
66,301    0,000227989687118679    192,029632568359
66,391    0,000227989687118679    192,029632568359
66,48    0,000228108954615891    193,054931640625
66,57    0,000228108954615891    193,054931640625
66,66    0,000228267294005491    194,001495361328
66,75    0,000228267294005491    194,001495361328
66,841    0,000228663673624396    195,027053833008
66,931    0,000228663673624396    195,027053833008
67,021    0,00022906054800842    196,052612304688
67,111    0,00022906054800842    196,052612304688
67,201    0,00022906054800842    196,999176025391
67,291    0,00022906054800842    196,999176025391
67,381    0,00022906054800842    198,024475097656
67,471    0,00022906054800842    198,024475097656
67,561    0,000229417331865989    199,050033569336
67,651    0,000229417331865989    199,050033569336
67,741    0,000229774115723558    199,996597290039
67,831    0,000229774115723558    199,996597290039
67,921    0,00023044808767736    201,022155761719
68,011    0,00023044808767736    201,022155761719
68,101    0,000230765290325508    202,047454833984
68,191    0,000230765290325508    202,047454833984
68,281    0,000230765290325508    202,047454833984
68,371    0,000230765290325508    202,047454833984
68,461    0,000230765290325508    202,047454833984
68,551    0,000230923629715107    204,019577026367
68,641    0,000230923629715107    204,019577026367
68,731    0,000231122074183077    205,045135498047
68,821    0,000231122074183077    205,045135498047
68,911    0,000231280922889709    205,991683959961
69,001    0,000231280922889709    205,991683959961
69,092    0,000231240832363255    207,016998291016
69,182    0,000231240832363255    207,016998291016
69,272    0,000231122074183077    207,96354675293
69,362    0,000231122074183077    207,96354675293
69,453    0,000231082492973655    208,989120483398
69,543    0,000231082492973655    208,989120483398
69,633    0,000231240832363255    210,014678955078
69,723    0,000231240832363255    210,014678955078
69,813    0,000231439262279309    210,961227416992
69,903    0,000231439262279309    210,961227416992
69,993    0,000231598125537857    211,986541748047
70,083    0,000231598125537857    211,986541748047
70,174    0,000231716883718036    212,933090209961
70,264    0,000231716883718036    212,933090209961
70,354    0,000231994490604848    213,958648681641
70,444    0,000231994490604848    213,958648681641
70,535    0,000232311693252996    214,98420715332
70,625    0,000232311693252996    214,98420715332
70,715    0,000232668477110565    215,930770874023
70,805    0,000232668477110565    215,930770874023
70,896    0,000233104423386976    216,956069946289
70,986    0,000233104423386976    216,956069946289
71,076    0,000233223690884188    217,902633666992
71,166    0,000233223690884188    217,902633666992
71,257    0,000233421626035124    218,928192138672
71,347    0,000233421626035124    218,928192138672
71,437    0,000233778409892693    219,953750610352
71,527    0,000233778409892693    219,953750610352
71,618    0,000233976839808747    220,900299072266
71,708    0,000233976839808747    220,900299072266
71,798    0,000233976839808747    220,900299072266
71,888    0,000234135703067295    221,92561340332
71,979    0,000234135703067295    221,92561340332
72,069    0,000234135703067295    222,951171875
72,159    0,000234135703067295    222,951171875
72,249    0,000234175284276716    223,897720336914
72,34    0,000234175284276716    223,897720336914
72,43    0,000234175284276716    224,923294067383
72,52    0,000234175284276716    224,923294067383
72,61    0,000234056016779505    225,869842529297
72,701    0,000234056016779505    225,869842529297
72,791    0,000234214865486138    226,895156860352
72,881    0,000234214865486138    226,895156860352
72,972    0,000234412800637074    227,841949462891
73,062    0,000234412800637074    227,841949462891
73,152    0,000234532068134286    228,867263793945
73,242    0,000234532068134286    228,867263793945
73,333    0,000234888851991855    229,892822265625
73,423    0,000234888851991855    229,892822265625
73,513    0,000235166458878666    230,91813659668
73,603    0,000235166458878666    230,91813659668
73,694    0,000235444065765478    231,864685058594
73,784    0,000235444065765478    231,864685058594
73,874    0,000235880026593804    232,890243530273
73,964    0,000235880026593804    232,890243530273
74,055    0,000236078471061774    233,836807250977
74,145    0,000236078471061774    233,836807250977
74,235    0,000236276391660795    234,862365722656
74,325    0,000236276391660795    234,862365722656
74,416    0,000236673266044818    235,887664794922
74,506    0,000236673266044818    235,887664794922
74,596    0,000237188403843902    236,913238525391
74,686    0,000237188403843902    236,913238525391
74,777    0,000237505591940135    237,859786987305
74,867    0,000237505591940135    237,859786987305
74,957    0,000237466010730714    238,885345458984
75,048    0,000237466010730714    238,885345458984
75,138    0,000237426429521292    239,831893920898
75,228    0,000237426429521292    239,831893920898
75,319    0,000237426429521292    239,831893920898
75,409    0,000237426429521292    239,831893920898
75,499    0,000237426429521292    239,831893920898
75,589    0,000237704036408104    241,882766723633
75,679    0,000237704036408104    241,882766723633
75,77    0,000237822794588283    242,829330444336
75,86    0,000237822794588283    242,829330444336
75,95    0,000237981643294916    243,854888916016
76,041    0,000237981643294916    243,854888916016
76,131    0,000238179578445852    244,80143737793
76,222    0,000238179578445852    244,80143737793
76,312    0,000238179578445852    245,826751708984
76,403    0,000238179578445852    245,826751708984
76,493    0,000238259250181727    246,773559570313
76,583    0,000238259250181727    246,773559570313
76,673    0,000238457185332663    247,798858642578
76,764    0,000238457185332663    247,798858642578
76,854    0,000238616034039296    248,824417114258
76,944    0,000238616034039296    248,824417114258
77,035    0,000238774387980811    249,770980834961
77,125    0,000238774387980811    249,770980834961
77,215    0,00023913117183838    250,796539306641
77,305    0,00023913117183838    250,796539306641
77,396    0,000239369197515771    251,743087768555
77,486    0,000239369197515771    251,743087768555
77,576    0,000239646804402582    252,768402099609
77,666    0,000239646804402582    252,768402099609
77,757    0,000240082750678994    253,714950561523
77,847    0,000240082750678994    253,714950561523
77,937    0,000240320776356384    254,740509033203
78,028    0,000240320776356384    254,740509033203
78,118    0,000240598397795111    255,687072753906
78,208    0,000240598397795111    255,687072753906
78,298    0,000240836423472501    256,712615966797
78,388    0,000240836423472501    256,712615966797
78,478    0,000241074434597977    257,6591796875
78,568    0,000241074434597977    257,6591796875
78,658    0,000241311965510249    258,684478759766
78,748    0,000241311965510249    258,684478759766
78,839    0,000241311965510249    258,684478759766
78,929    0,000241311965510249    258,684478759766
79,019    0,000241311965510249    258,684478759766
79,109    0,000241985937464051    260,656616210938
79,2    0,000241985937464051    260,656616210938
79,29    0,000242501570028253    261,682159423828
79,38    0,000242501570028253    261,682159423828
79,47    0,000242700014496222    262,628723144531
79,56    0,000242700014496222    262,628723144531
79,65    0,000243334405240603    263,575286865234
79,74    0,000243334405240603    263,575286865234
79,83    0,00024357192160096    264,6005859375
79,92    0,00024357192160096    264,6005859375
80,01    0,00024341358221136    265,54736328125
80,101    0,00024341358221136    265,54736328125
80,191    0,000243968795984983    266,572692871094
80,281    0,000243968795984983    266,572692871094
80,371    0,000244127149926499    267,598236083984
80,461    0,000244127149926499    267,598236083984
80,552    0,000244047972955741    268,544799804688
80,642    0,000244047972955741    268,544799804688
80,731    0,000244444352574646    269,570373535156
80,821    0,000244444352574646    269,570373535156
80,911    0,000244761526118964    270,516906738281
81,001    0,000244761526118964    270,516906738281
81,091    0,000245237577473745    271,542236328125
81,181    0,000245237577473745    271,542236328125
81,271    0,000245633942540735    272,567779541016
81,361    0,000245633942540735    272,567779541016
81,451    0,000245911563979462    273,514343261719
81,541    0,000245911563979462    273,514343261719
81,631    0,000246347510255873    274,460876464844
81,721    0,000246347510255873    274,460876464844
81,811    0,000246545969275758    275,486450195313
81,901    0,000246545969275758    275,486450195313
81,991    0,000246743904426694    276,511749267578
82,081    0,000246743904426694    276,511749267578
82,171    0,000246743904426694    276,511749267578
82,261    0,000246743904426694    276,511749267578
82,351    0,000246743904426694    276,511749267578
82,441    0,000247616320848465    278,48388671875
82,531    0,000247616320848465    278,48388671875
82,621    0,000247893913183361    279,430419921875
82,711    0,000247893913183361    279,430419921875
82,801    0,000248092372203246    280,455993652344
82,891    0,000248092372203246    280,455993652344
82,981    0,000248290278250352    281,402557373047
83,071    0,000248290278250352    281,402557373047
83,161    0,000248567899689078    282,427856445313
83,251    0,000248567899689078    282,427856445313
83,341    0,000248964264756069    283,374420166016
83,431    0,000248964264756069    283,374420166016
83,521    0,000249321572482586    284,399963378906
83,611    0,000249321572482586    284,399963378906
83,701    0,000249598670052364    285,346527099609
83,791    0,000249598670052364    285,346527099609
83,881    0,000249955948675051    286,3720703125
83,971    0,000249955948675051    286,3720703125
84,061    0,00025023304624483    287,318634033203
84,151    0,00025023304624483    287,318634033203
84,241    0,00025066951639019    288,344207763672
84,331    0,00025066951639019    288,344207763672
84,421    0,000251422665314749    289,290740966797
84,511    0,000251422665314749    289,290740966797
84,601    0,00025189871666953    290,316070556641
84,691    0,00025189871666953    290,316070556641
84,781    0,00025229508173652    291,262603759766
84,871    0,00025229508173652    291,262603759766
84,961    0,000252453435678035    292,209167480469
85,051    0,000252453435678035    292,209167480469
85,141    0,000252374273259193    293,234741210938
85,231    0,000252374273259193    293,234741210938
85,321    0,000252374273259193    293,234741210938
85,411    0,000252374273259193    293,234741210938
85,501    0,000252374273259193    293,234741210938
85,591    0,000253445119597018    295,206848144531
85,681    0,000253445119597018    295,206848144531
85,771    0,000253643054747954    296,153411865234
85,861    0,000253643054747954    296,153411865234
85,951    0,000253643054747954    297,1787109375
86,041    0,000253643054747954    297,1787109375
86,131    0,00025392064708285    298,125518798828
86,221    0,00025392064708285    298,125518798828
86,311    0,000254515471169725    299,150817871094
86,401    0,000254515471169725    299,150817871094
86,491    0,000254793092608452    300,097381591797
86,582    0,000254793092608452    300,097381591797
86,672    0,000254951417446136    301,122924804688
86,762    0,000254951417446136    301,122924804688
86,852    0,000255348306382075    302,069488525391
86,941    0,000255348306382075    302,069488525391
87,031    0,000255823833867908    303,095062255859
87,121    0,000255823833867908    303,095062255859
87,211    0,000256339466432109    304,041595458984
87,301    0,000256339466432109    304,041595458984
87,391    0,000256894709309563    305,066925048828
87,481    0,000256894709309563    305,066925048828
87,571    0,00025748900952749    306,013458251953
87,661    0,00025748900952749    306,013458251953
87,751    0,000258004642091691    307,039031982422
87,841    0,000258004642091691    307,039031982422
87,931    0,000258163490798324    307,985595703125
88,021    0,000258163490798324    307,985595703125
88,111    0,000258520274655893    309,011138916016
88,201    0,000258520274655893    309,011138916016
88,291    0,000259115069638938    309,957702636719
88,381    0,000259115069638938    309,957702636719
88,471    0,000259432272287086    310,983001708984
88,561    0,000259432272287086    310,983001708984
88,651    0,000259432272287086    310,983001708984
88,741    0,000259789056144655    311,929809570313
88,831    0,000259789056144655    311,929809570313
88,921    0,000260185421211645    312,955108642578
89,01    0,000260185421211645    312,955108642578
89,101    0,000260463042650372    313,901672363281
89,191    0,000260463042650372    313,901672363281
89,281    0,000260581786278635    314,848236083984
89,371    0,000260581786278635    314,848236083984
89,461    0,000260701053775847    315,873779296875
89,55    0,000260701053775847    315,873779296875
89,64    0,00026117661036551    316,820343017578
89,73    0,00026117661036551    316,820343017578
89,82    0,000261612556641921    317,845916748047
89,91    0,000261612556641921    317,845916748047
90    0,000261969835264608    318,792449951172
90,09    0,000261969835264608    318,792449951172
90,18    0,000262524554273114    319,817779541016
90,27    0,000262524554273114    319,817779541016
90,36    0,000263079797150567    320,764312744141
90,45    0,000263079797150567    320,764312744141
90,54    0,000263476162217557    321,711120605469
90,63    0,000263476162217557    321,711120605469
90,72    0,000263991794781759    322,736450195313
90,81    0,000263991794781759    322,736450195313
90,9    0,000264467322267592    323,761993408203
90,99    0,000264467322267592    323,761993408203
91,08    0,000264705362496898    324,708557128906
91,17    0,000264705362496898    324,708557128906
91,26    0,000265459006186575    325,655120849609
91,351    0,000265459006186575    325,655120849609
91,441    0,000266251765424386    326,6806640625
91,531    0,000266251765424386    326,6806640625
91,621    0,000266370509052649    327,627227783203
91,711    0,000266370509052649    327,627227783203
91,801    0,000266370509052649    327,627227783203
91,891    0,000266806979198009    328,652526855469
91,981    0,000266806979198009    328,652526855469
92,071    0,000267520546913147    329,599090576172
92,161    0,000267520546913147    329,599090576172
92,251    0,000267837749561295    330,5458984375
92,341    0,000267837749561295    330,5458984375
92,431    0,000268194533418864    331,571197509766
92,521    0,000268194533418864    331,571197509766
92,611    0,000268630974460393    332,517761230469
92,701    0,000268630974460393    332,517761230469
92,791    0,000269265379756689    333,543304443359
92,881    0,000269265379756689    333,543304443359
92,971    0,000269780517555773    334,489868164063
93,062    0,000269780517555773    334,489868164063
93,152    0,000269939366262406    335,515441894531
93,242    0,000269939366262406    335,515441894531
93,332    0,000270018528681248    336,461975097656
93,422    0,000270018528681248    336,461975097656
93,512    0,000270414893748239    337,4873046875
93,602    0,000270414893748239    337,4873046875
93,692    0,000270851363893598    338,433837890625
93,782    0,000270851363893598    338,433837890625
93,872    0,000271208147751167    339,380401611328
93,962    0,000271208147751167    339,380401611328
94,052    0,000271644094027579    340,405975341797
94,142    0,000271644094027579    340,405975341797
94,232    0,000272199307801202    341,352508544922
94,322    0,000272199307801202    341,352508544922
94,412    0,000273032143013552    342,378082275391
94,502    0,000273032143013552    342,378082275391
94,592    0,000273706129519269    343,324645996094
94,682    0,000273706129519269    343,324645996094
94,773    0,000274102494586259    344,349945068359
94,863    0,000274102494586259    344,349945068359
94,953    0,000274102494586259    344,349945068359
95,043    0,000274102494586259    344,349945068359
95,134    0,000274102494586259    344,349945068359
95,224    0,000274657737463713    346,322052001953
95,314    0,000274657737463713    346,322052001953
95,404    0,000275529630016536    347,268615722656
95,494    0,000275529630016536    347,268615722656
95,584    0,000275926518952474    348,215148925781
95,674    0,000275926518952474    348,215148925781
95,764    0,000276084843790159    349,24072265625
95,854    0,000276084843790159    349,24072265625
95,944    0,000276441627647728    350,187286376953
96,034    0,000276441627647728    350,187286376953
96,124    0,000277115614153445    351,212829589844
96,214    0,000277115614153445    351,212829589844
96,304    0,00027779009542428    352,159393310547
96,394    0,00027779009542428    352,159393310547
96,484    0,000277829705737531    353,184692382813
96,574    0,000277829705737531    353,184692382813
96,664    0,000278344814432785    354,131500244141
96,754    0,000278344814432785    354,131500244141
96,844    0,000278900028206408    355,156829833984
96,934    0,000278900028206408    355,156829833984
97,024    0,000279376079561189    356,103363037109
97,114    0,000279376079561189    356,103363037109
97,204    0,000279930798569694    357,049926757813
97,294    0,000279930798569694    357,049926757813
97,384    0,000280367268715054    358,075500488281
97,474    0,000280367268715054    358,075500488281
97,564    0,000280604785075411    359,022033691406
97,654    0,000280604785075411    359,022033691406
97,744    0,000281041255220771    360,047607421875
97,834    0,000281041255220771    360,047607421875
97,924    0,000281675631413236    360,994171142578
98,014    0,000281675631413236    360,994171142578
98,104    0,000282310036709532    362,019470214844
98,194    0,000282310036709532    362,019470214844
98,283    0,000282310036709532    362,019470214844
98,374    0,000282984023215249    362,966003417969
98,464    0,000282984023215249    362,966003417969
98,554    0,000283578818198293    363,912811279297
98,645    0,000283578818198293    363,912811279297
98,735    0,00028425280470401    364,938140869141
98,825    0,00028425280470401    364,938140869141
98,915    0,000284887210000306    365,884674072266
99,005    0,000284887210000306    365,884674072266
99,095    0,000285283575067297    366,910247802734
99,185    0,000285283575067297    366,910247802734
99,275    0,000285878370050341    367,856811523438
99,365    0,000285878370050341    367,856811523438
99,455    0,000286116410279647    368,882354736328
99,544    0,000286116410279647    368,882354736328
99,634    0,000286433583823964    369,828918457031
99,724    0,000286433583823964    369,828918457031
99,815    0,000287345610558987    370,775482177734
99,905    0,000287345610558987    370,775482177734
99,995    0,000287979986751452    371,80078125
100,085    0,000287979986751452    371,80078125
100,175    0,000288455543341115    372,747589111328
100,265    0,000288455543341115    372,747589111328
100,355    0,000289327959762886    373,694152832031
100,445    0,000289327959762886    373,694152832031
100,535    0,000289843592327088    374,719451904297
100,625    0,000289843592327088    374,719451904297
100,715    0,000290160794975236    375,666015625
100,805    0,000290160794975236    375,666015625
100,895    0,00029075558995828    376,691558837891
100,985    0,00029075558995828    376,691558837891
101,075    0,000291112373815849    377,638122558594
101,165    0,000291112373815849    377,638122558594
101,255    0,000291707168798894    378,584686279297
101,345    0,000291707168798894    378,584686279297
101,435    0,000291707168798894    378,584686279297
101,525    0,000291707168798894    378,584686279297
101,615    0,000291707168798894    378,584686279297
101,705    0,00029230146901682    380,556793212891
101,795    0,00029230146901682    380,556793212891
101,885    0,000292460346827284    381,503356933594
101,975    0,000292460346827284    381,503356933594
102,065    0,000292856711894274    382,528900146484
102,155    0,000292856711894274    382,528900146484
102,245    0,000293570279609412    383,475463867188
102,335    0,000293570279609412    383,475463867188
102,425    0,000294046330964193    384,500762939453
102,515    0,000294046330964193    384,500762939453
102,605    0,000294521858450025    385,447326660156
102,695    0,000294521858450025    385,447326660156
102,785    0,000295315112452954    386,472869873047
102,875    0,000295315112452954    386,472869873047
102,965    0,000295711477519944    387,41943359375
103,055    0,000295711477519944    387,41943359375
103,145    0,000295909907435998    388,365997314453
103,235    0,000295909907435998    388,365997314453
103,325    0,000296901096589863    389,391540527344
103,415    0,000296901096589863    389,391540527344
103,505    0,000297693826723844    390,338104248047
103,595    0,000297693826723844    390,338104248047
103,685    0,000298447499517351    391,363677978516
103,775    0,000298447499517351    391,363677978516
103,865    0,000299438659567386    392,310211181641
103,955    0,000299438659567386    392,310211181641
104,045    0,000299914216157049    393,256774902344
104,135    0,000299914216157049    393,256774902344
104,225    0,000300429848721251    394,203338623047
104,315    0,000300429848721251    394,203338623047
104,405    0,00030118299764581    395,228637695313
104,495    0,00030118299764581    395,228637695313
104,585    0,000301738211419433    396,175445556641
104,675    0,000301738211419433    396,175445556641
104,765    0,000301738211419433    396,175445556641
104,855    0,000302253843983635    397,200744628906
104,945    0,000302253843983635    397,200744628906
105,035    0,000303165841614828    398,147308349609
105,125    0,000303165841614828    398,147308349609
105,215    0,00030483101727441    399,093872070313
105,305    0,00030483101727441    399,093872070313
105,395    0,000306020636344329    400,040405273438
105,485    0,000306020636344329    400,040405273438
105,575    0,000306178961182013    401,065979003906
105,665    0,000306178961182013    401,065979003906
105,755    0,000306337809888646    402,012542724609
105,845    0,000306337809888646    402,012542724609
105,935    0,000306813366478309    402,959075927734
106,025    0,000306813366478309    402,959075927734
106,115    0,000307368580251932    403,984649658203
106,205    0,000307368580251932    403,984649658203
106,295    0,00030808214796707    404,931213378906
106,385    0,00030808214796707    404,931213378906
106,475    0,000308835820760578    405,877746582031
106,565    0,000308835820760578    405,877746582031
106,655    0,000309628550894558    406,9033203125
106,745    0,000309628550894558    406,9033203125
106,835    0,000310421804897487    407,849884033203
106,925    0,000310421804897487    407,849884033203
107,015    0,000310936913592741    408,875183105469
107,105    0,000310936913592741    408,875183105469
107,195    0,000311651005176827    409,821868896484
107,285    0,000311651005176827    409,821868896484
107,376    0,000312404154101387    410,768402099609
107,466    0,000312404154101387    410,768402099609
107,556    0,000312919786665589    411,793853759766
107,646    0,000312919786665589    411,793853759766
107,736    0,000313474505674094    412,740539550781
107,826    0,000313474505674094    412,740539550781
107,916    0,000313474505674094    412,740539550781
108,006    0,000313474505674094    412,740539550781
108,096    0,000313474505674094    412,740539550781
108,186    0,000314545352011919    414,712524414063
108,276    0,000314545352011919    414,712524414063
108,366    0,000314902135869488    415,659057617188
108,456    0,000314902135869488    415,659057617188
108,546    0,000315417273668572    416,605621337891
108,636    0,000315417273668572    416,605621337891
108,726    0,000316091754939407    417,631195068359
108,816    0,000316091754939407    417,631195068359
108,906    0,000316924066282809    418,577728271484
108,996    0,000316924066282809    418,577728271484
109,086    0,000317518890369684    419,524291992188
109,176    0,000317518890369684    419,524291992188
109,266    0,000318074104143307    420,549743652344
109,356    0,000318074104143307    420,549743652344
109,446    0,000318668928230181    421,496276855469
109,536    0,000318668928230181    421,496276855469
109,626    0,000319303304422647    422,442962646484
109,716    0,000319303304422647    422,442962646484
109,806    0,000320135644869879    423,468414306641
109,896    0,000320135644869879    423,468414306641
109,986    0,000320968480082229    424,414947509766
110,076    0,000320968480082229    424,414947509766
110,166    0,000321761704981327    425,361511230469
110,256    0,000321761704981327    425,361511230469
110,346    0,000322276842780411    426,387084960938
110,436    0,000322276842780411    426,387084960938
110,526    0,000322752894135192    427,333618164063
110,616    0,000322752894135192    427,333618164063
110,706    0,000323624786688015    428,280181884766
110,797    0,000323624786688015    428,280181884766
110,887    0,000324497232213616    429,226745605469
110,977    0,000324497232213616    429,226745605469
111,067    0,000325131608406082    430,252166748047
111,157    0,000325131608406082    430,252166748047
111,247    0,000325131608406082    430,252166748047
111,337    0,000325686822179705    431,198852539063
111,427    0,000325686822179705    431,198852539063
111,517    0,000326400389894843    432,145416259766
111,607    0,000326400389894843    432,145416259766
111,697    0,000327233225107193    433,170837402344
111,787    0,000327233225107193    433,170837402344
111,877    0,000327986374031752    434,117401123047
111,967    0,000327986374031752    434,117401123047
112,057    0,000328779628034681    435,142822265625
112,146    0,000328779628034681    435,142822265625
112,237    0,000329334347043186    436,089508056641
112,327    0,000329334347043186    436,089508056641
112,417    0,000329810398397967    437,036071777344
112,507    0,000329810398397967    437,036071777344
112,597    0,000330326030962169    438,061492919922
112,687    0,000330326030962169    438,061492919922
112,777    0,000331000017467886    439,008056640625
112,867    0,000331000017467886    439,008056640625
112,957    0,000331912015099078    439,954620361328
113,047    0,000331912015099078    439,954620361328
113,137    0,000332783936755732    440,901275634766
113,227    0,000332783936755732    440,901275634766
113,317    0,000333497999235988    441,926727294922
113,407    0,000333497999235988    441,926727294922
113,498    0,000334409502102062    442,873260498047
113,588    0,000334409502102062    442,873260498047
113,678    0,000335361080942675    443,81982421875
113,768    0,000335361080942675    443,81982421875
113,858    0,00033595590502955    444,845275878906
113,948    0,00033595590502955    444,845275878906
114,038    0,000336629862431437    445,791931152344
114,128    0,000336629862431437    445,791931152344
114,218    0,00033762154635042    446,738494873047
114,308    0,00033762154635042    446,738494873047
114,398    0,00033762154635042    446,738494873047
114,488    0,00033762154635042    446,738494873047
114,578    0,00033762154635042    446,738494873047
114,668    0,00033924711169675    448,710479736328
114,758    0,00033924711169675    448,710479736328
114,848    0,000340159138431773    449,657043457031
114,938    0,000340159138431773    449,657043457031
115,028    0,000341031030984595    450,603729248047
