sec"    "mA"    "mV
0,717    -7,13337703928119E-6    -119,00089263916
1,375    1,18192629088298E-5    -119,00089263916
2,034    1,92335501196794E-5    -119,00089263916
2,692    2,16523658309598E-5    -119,00089263916
3,351    2,39915025304072E-5    -119,00089263916
4,009    2,48639207711676E-5    -119,00089263916
4,668    2,59347780229291E-5    -119,00089263916
5,326    2,66483439190779E-5    -119,00089263916
5,985    2,71634708042257E-5    -119,00089263916
6,643    2,77186918538064E-5    -119,00089263916
7,301    2,80754757113755E-5    -119,00089263916
7,96    2,84723519143881E-5    -119,00089263916
8,618    2,87098700937349E-5    -119,00089263916
9,677    2,9146332963137E-5    -119,00089263916
10,099    2,93843568215379E-5    -119,00089263916
10,185    3,77106480300426E-5    -118,921890258789
10,271    3,77106480300426E-5    -118,921890258789
10,357    4,8098972911248E-5    -118,212097167969
10,442    4,8098972911248E-5    -118,212097167969
10,528    5,11120888404548E-5    -117,107780456543
10,614    5,11120888404548E-5    -117,107780456543
10,699    5,31345358467661E-5    -116,003471374512
10,785    5,31345358467661E-5    -116,003471374512
10,871    5,31345358467661E-5    -116,003471374512
10,957    5,31345358467661E-5    -116,003471374512
11,042    5,31345358467661E-5    -116,003471374512
11,128    5,59096260985825E-5    -113,873596191406
11,214    5,59096260985825E-5    -113,873596191406
11,299    5,68612194911111E-5    -112,848037719727
11,385    5,68612194911111E-5    -112,848037719727
11,471    5,76544625801034E-5    -111,743721008301
11,557    5,76544625801034E-5    -111,743721008301
11,643    5,84472036280204E-5    -110,718414306641
11,728    5,84472036280204E-5    -110,718414306641
11,814    5,92404467170127E-5    -109,613845825195
11,9    5,92404467170127E-5    -109,613845825195
11,986    6,00727726123296E-5    -108,588539123535
12,071    6,00727726123296E-5    -108,588539123535
12,157    6,00727726123296E-5    -108,588539123535
12,243    6,08660193393007E-5    -107,484222412109
12,329    6,08660193393007E-5    -107,484222412109
12,414    6,14608288742602E-5    -106,45866394043
12,5    6,14608288742602E-5    -106,45866394043
12,586    6,19764614384621E-5    -105,354354858398
12,671    6,19764614384621E-5    -105,354354858398
12,757    6,26108521828428E-5    -104,328788757324
12,843    6,26108521828428E-5    -104,328788757324
12,929    6,32848386885598E-5    -103,224479675293
13,014    6,32848386885598E-5    -103,224479675293
13,1    6,39588179183193E-5    -102,199172973633
13,186    6,39588179183193E-5    -102,199172973633
13,271    6,39588179183193E-5    -102,199172973633
13,357    6,45932086626999E-5    -101,094856262207
13,442    6,45932086626999E-5    -101,094856262207
13,528    6,51484297122806E-5    -99,9902877807617
13,613    6,51484297122806E-5    -99,9902877807617
13,699    6,55448020552285E-5    -98,9649810791016
13,785    6,55448020552285E-5    -98,9649810791016
13,87    6,59807556075975E-5    -97,9394226074219
13,956    6,59807556075975E-5    -97,9394226074219
14,042    6,67344138491899E-5    -96,8351058959961
14,128    6,67344138491899E-5    -96,8351058959961
14,213    6,74875700497068E-5    -95,8097991943359
14,299    6,74875700497068E-5    -95,8097991943359
14,385    6,74875700497068E-5    -95,8097991943359
14,47    6,80427910992876E-5    -94,7052307128906
14,556    6,80427910992876E-5    -94,7052307128906
14,642    6,85183331370354E-5    -93,6799240112305
14,728    6,85183331370354E-5    -93,6799240112305
14,813    6,89943772158585E-5    -92,6543655395508
14,899    6,89943772158585E-5    -92,6543655395508
14,985    6,95095077389851E-5    -91,550048828125
15,07    6,95095077389851E-5    -91,550048828125
15,156    6,99855590937659E-5    -90,5244903564453
15,242    6,99855590937659E-5    -90,5244903564453
15,328    7,06595383235253E-5    -89,4991836547852
15,414    7,06595383235253E-5    -89,4991836547852
15,5    7,06595383235253E-5    -89,4991836547852
15,585    7,13335175532848E-5    -88,3948669433594
15,671    7,13335175532848E-5    -88,3948669433594
15,757    7,18491501174867E-5    -87,3693084716797
15,843    7,18491501174867E-5    -87,3693084716797
15,929    7,22455224604346E-5    -86,2649917602539
16,014    7,22455224604346E-5    -86,2649917602539
16,1    7,26814760128036E-5    -85,2394332885742
16,186    7,26814760128036E-5    -85,2394332885742
16,272    7,32762855477631E-5    -84,135124206543
16,358    7,32762855477631E-5    -84,135124206543
16,444    7,39502647775225E-5    -83,1098098754883
16,53    7,39502647775225E-5    -83,1098098754883
16,616    7,45450670365244E-5    -82,0842514038086
16,701    7,45450670365244E-5    -82,0842514038086
16,787    7,45450670365244E-5    -82,0842514038086
16,873    7,49815299059264E-5    -80,9799423217773
16,959    7,49815299059264E-5    -80,9799423217773
17,045    7,54570719436742E-5    -79,9543762207031
17,131    7,54570719436742E-5    -79,9543762207031
17,216    7,5933123298455E-5    -78,929069519043
17,302    7,5933123298455E-5    -78,929069519043
17,388    7,65675213187933E-5    -77,8247604370117
17,474    7,65675213187933E-5    -77,8247604370117
17,559    7,72415005485527E-5    -76,7991943359375
17,645    7,72415005485527E-5    -76,7991943359375
17,731    7,79550609877333E-5    -75,7736358642578
17,816    7,79550609877333E-5    -75,7736358642578
17,902    7,79550609877333E-5    -75,7736358642578
17,988    7,85894590080716E-5    -74,669319152832
18,074    7,85894590080716E-5    -74,669319152832
18,16    7,91446800576523E-5    -73,6440124511719
18,246    7,91446800576523E-5    -73,6440124511719
18,332    7,96598033048213E-5    -72,6184539794922
18,418    7,96598033048213E-5    -72,6184539794922
18,504    8,01754431449808E-5    -71,5928955078125
18,589    8,01754431449808E-5    -71,5928955078125
18,675    8,08494223747402E-5    -70,5675888061523
18,761    8,08494223747402E-5    -70,5675888061523
18,847    8,14838131191209E-5    -69,5420227050781
18,933    8,14838131191209E-5    -69,5420227050781
19,019    8,14838131191209E-5    -69,5420227050781
19,104    8,20786226540804E-5    -68,4377136230469
19,19    8,20786226540804E-5    -68,4377136230469
19,276    8,2713013398461E-5    -67,4121551513672
19,361    8,2713013398461E-5    -67,4121551513672
19,447    8,33474114187993E-5    -66,3868408203125
19,533    8,33474114187993E-5    -66,3868408203125
19,618    8,39422209537588E-5    -65,3612823486328
19,704    8,39422209537588E-5    -65,3612823486328
19,79    8,45766116981395E-5    -64,2569732666016
19,875    8,45766116981395E-5    -64,2569732666016
19,961    8,54490281199105E-5    -63,2316627502441
20,047    8,54490281199105E-5    -63,2316627502441
20,133    8,54490281199105E-5    -63,2316627502441
20,219    8,54490281199105E-5    -63,2316627502441
20,305    8,54490281199105E-5    -63,2316627502441
20,391    8,67574053700082E-5    -61,1805419921875
20,477    8,67574053700082E-5    -61,1805419921875
20,563    8,74709730851464E-5    -60,076229095459
20,649    8,74709730851464E-5    -60,076229095459
20,735    8,81449523149058E-5    -59,0509185791016
20,821    8,81449523149058E-5    -59,0509185791016
20,907    8,88585127540864E-5    -58,0253601074219
20,993    8,88585127540864E-5    -58,0253601074219
21,079    8,97309364518151E-5    -56,9997978210449
21,165    8,97309364518151E-5    -56,9997978210449
21,251    9,07616995391436E-5    -55,8954849243164
21,337    9,07616995391436E-5    -55,8954849243164
21,423    9,07616995391436E-5    -55,8954849243164
21,509    9,14757692953572E-5    -54,8701782226563
21,595    9,14757692953572E-5    -54,8701782226563
21,681    9,21497485251166E-5    -53,8446159362793
21,766    9,21497485251166E-5    -53,8446159362793
21,853    9,30221722228453E-5    -52,8190574645996
21,938    9,30221722228453E-5    -52,8190574645996
22,024    9,36961514526047E-5    -51,7937469482422
22,11    9,36961514526047E-5    -51,7937469482422
22,196    9,4449300377164E-5    -50,7681884765625
22,282    9,4449300377164E-5    -50,7681884765625
22,368    9,54800634644926E-5    -49,663875579834
22,453    9,54800634644926E-5    -49,663875579834
22,539    9,54800634644926E-5    -49,663875579834
22,625    9,64717473834753E-5    -48,638313293457
22,711    9,64717473834753E-5    -48,638313293457
22,797    9,72644847934134E-5    -47,6130065917969
22,883    9,72644847934134E-5    -47,6130065917969
22,968    9,80176409939304E-5    -46,5874443054199
23,054    9,80176409939304E-5    -46,5874443054199
23,14    9,88900574157014E-5    -45,4831314086914
23,226    9,88900574157014E-5    -45,4831314086914
23,312    9,98812320176512E-5    -44,4578247070313
23,398    9,98812320176512E-5    -44,4578247070313
23,484    0,000100912504422013    -43,4322624206543
23,57    0,000100912504422013    -43,4322624206543
23,656    0,00010198285599472    -42,4067039489746
23,742    0,00010198285599472    -42,4067039489746
23,828    0,00010198285599472    -42,4067039489746
23,914    0,000102934442111291    -41,3813972473145
23,999    0,000102934442111291    -41,3813972473145
24,085    0,000104004793683998    -40,2770805358887
24,171    0,000104004793683998    -40,2770805358887
24,257    0,000104916798591148    -39,251522064209
24,342    0,000104916798591148    -39,251522064209
24,428    0,000105868384707719    -38,225959777832
24,514    0,000105868384707719    -38,225959777832
24,6    0,000107176761957817    -37,2006530761719
24,685    0,000107176761957817    -37,2006530761719
24,771    0,000108366373751778    -36,0963401794434
24,857    0,000108366373751778    -36,0963401794434
24,942    0,000108366373751778    -36,0963401794434
25,028    0,000109278378658928    -35,0707778930664
25,114    0,000109278378658928    -35,0707778930664
25,2    0,000110269560536835    -34,0452194213867
25,285    0,000110269560536835    -34,0452194213867
25,371    0,000111419583845418    -33,0199089050293
25,457    0,000111419583845418    -33,0199089050293
25,543    0,000112609202915337    -31,9943504333496
25,629    0,000112609202915337    -31,9943504333496
25,715    0,000113957161374856    -30,9690418243408
25,801    0,000113957161374856    -30,9690418243408
25,887    0,000115463975816965    -29,8644752502441
25,973    0,000115463975816965    -29,8644752502441
26,058    0,000115463975816965    -29,8644752502441
26,144    0,000116851522761863    -28,839168548584
26,23    0,000116851522761863    -28,839168548584
26,316    0,000118080723041203    -27,8136081695557
26,402    0,000118080723041203    -27,8136081695557
26,488    0,000119428681500722    -26,7882995605469
26,574    0,000119428681500722    -26,7882995605469
26,66    0,000120776639960241    -25,7627391815186
26,746    0,000120776639960241    -25,7627391815186
26,832    0,000122164696222171    -24,7371788024902
26,917    0,000122164696222171    -24,7371788024902
27,003    0,000123829857329838    -23,7118721008301
27,089    0,000123829857329838    -23,7118721008301
27,175    0,00012549500388559    -22,6863117218018
27,26    0,00012549500388559    -22,6863117218018
27,346    0,00012549500388559    -22,6863117218018
27,432    0,000127041406813078    -21,661003112793
27,518    0,000127041406813078    -21,661003112793
27,604    0,000128469051560387    -20,6354427337646
27,69    0,000128469051560387    -20,6354427337646
27,776    0,00013001543993596    -19,5311279296875
27,861    0,00013001543993596    -19,5311279296875
27,947    0,000131601424072869    -18,5845737457275
28,033    0,000131601424072869    -18,5845737457275
28,119    0,000133385343360715    -17,480260848999
28,205    0,000133385343360715    -17,480260848999
28,291    0,000135209353175014    -16,4547004699707
28,376    0,000135209353175014    -16,4547004699707
28,462    0,000135209353175014    -16,4547004699707
28,548    0,000136993781779893    -15,4291400909424
28,634    0,000136993781779893    -15,4291400909424
28,719    0,000138976130983792    -14,4038314819336
28,805    0,000138976130983792    -14,4038314819336
28,891    0,000140641292091459    -13,3782711029053
28,977    0,000140641292091459    -13,3782711029053
29,063    0,000142346034408547    -12,3529634475708
29,149    0,000142346034408547    -12,3529634475708
29,235    0,000144368474138901    -11,3274030685425
29,321    0,000144368474138901    -11,3274030685425
29,407    0,000146470090840012    -10,3018426895142
29,493    0,000146470090840012    -10,3018426895142
29,579    0,000146470090840012    -10,3018426895142
29,665    0,000146470090840012    -10,3018426895142
29,751    0,000146470090840012    -10,3018426895142
29,837    0,000150474385009147    -8,17222118377686
29,923    0,000150474385009147    -8,17222118377686
30,008    0,000152337976032868    -7,14666080474854
30,094    0,000152337976032868    -7,14666080474854
30,18    0,000154558365466073    -6,12110042572021
30,265    0,000154558365466073    -6,12110042572021
30,351    0,000156659982167184    -5,09579229354858
30,437    0,000156659982167184    -5,09579229354858
30,523    0,000158880357048474    -4,07023191452026
30,608    0,000158880357048474    -4,07023191452026
30,694    0,000161219490109943    -3,04492425918579
30,78    0,000161219490109943    -3,04492425918579
30,865    0,000161219490109943    -3,04492425918579
30,951    0,000163479460752569    -2,01936388015747
31,037    0,000163479460752569    -2,01936388015747
31,123    0,000165819103131071    -0,993803441524506
31,209    0,000165819103131071    -0,993803441524506
31,295    0,000168079073773697    0,0315044932067394
31,392    0,000168079073773697    0,0315044932067394
31,482    0,000170537474332377    1,05706489086151
31,572    0,000170537474332377    1,05706489086151
31,662    0,000172837026184425    2,08237290382385
31,753    0,000172837026184425    2,08237290382385
31,843    0,000175295426743105    3,10793328285217
31,933    0,000175295426743105    3,10793328285217
32,023    0,000178030924871564    4,13349342346191
32,113    0,000178030924871564    4,13349342346191
32,203    0,000180727351107635    5,15880155563354
32,293    0,000180727351107635    5,15880155563354
32,384    0,000183502954314463    6,18436193466187
32,474    0,000183502954314463    6,18436193466187
32,564    0,00018639731570147    7,20966958999634
32,654    0,00018639731570147    7,20966958999634
32,744    0,000189172409591265    8,23523044586182
32,834    0,000189172409591265    8,23523044586182
32,924    0,000191908417036757    9,26079082489014
33,015    0,000191908417036757    9,26079082489014
33,105    0,000194684020243585    10,2860984802246
33,195    0,000194684020243585    10,2860984802246
33,285    0,000197379937162623    11,3116588592529
33,376    0,000197379937162623    11,3116588592529
33,466    0,000197379937162623    11,3116588592529
33,556    0,000200314389076084    12,3372192382813
33,646    0,000200314389076084    12,3372192382813
33,736    0,000203248331672512    13,3625268936157
33,826    0,000203248331672512    13,3625268936157
33,916    0,00020618227426894    14,388087272644
34,007    0,00020618227426894    14,388087272644
34,097    0,000209314661333337    15,4133958816528
34,187    0,000209314661333337    15,4133958816528
34,278    0,00021228869445622    16,4389553070068
34,368    0,00021228869445622    16,4389553070068
34,458    0,000215500258491375    17,4645156860352
34,548    0,000215500258491375    17,4645156860352
34,638    0,000218592540477403    18,4898242950439
34,729    0,000218592540477403    18,4898242950439
34,819    0,000221407724893652    19,5153846740723
34,909    0,000221407724893652    19,5153846740723
34,999    0,000224460934987292    20,5406932830811
35,089    0,000224460934987292    20,5406932830811
35,18    0,000227553740842268    21,5662536621094
35,27    0,000227553740842268    21,5662536621094
35,361    0,000230765290325508    22,5918140411377
35,451    0,000230765290325508    22,5918140411377
35,542    0,000233858081628568    23,6171207427979
35,632    0,000233858081628568    23,6171207427979
35,722    0,000237109226873145    24,6426811218262
35,812    0,000237109226873145    24,6426811218262
35,903    0,000240519220824353    25,667989730835
35,993    0,000240519220824353    25,667989730835
36,083    0,000243809947278351    26,6935501098633
36,173    0,000243809947278351    26,6935501098633
36,263    0,000247061077971011    27,7191104888916
36,353    0,000247061077971011    27,7191104888916
36,443    0,000250391894951463    28,7444171905518
36,533    0,000250391894951463    28,7444171905518
36,623    0,000253682635957375    29,7699775695801
36,713    0,000253682635957375    29,7699775695801
36,803    0,000253682635957375    29,7699775695801
36,893    0,000253682635957375    29,7699775695801
36,983    0,000253682635957375    29,7699775695801
37,073    0,000260185421211645    31,8208465576172
37,163    0,000260185421211645    31,8208465576172
37,253    0,000263079797150567    32,8464088439941
37,343    0,000263079797150567    32,8464088439941
37,433    0,000266093411482871    33,8717155456543
37,524    0,000266093411482871    33,8717155456543
37,614    0,000269463314907625    34,897274017334
37,704    0,000269463314907625    34,897274017334
37,794    0,000272714969469234    35,9228363037109
37,884    0,000272714969469234    35,9228363037109
37,974    0,00027572805993259    36,9481430053711
38,064    0,00027572805993259    36,9481430053711
38,154    0,000278860446996987    37,973705291748
38,244    0,000278860446996987    37,973705291748
38,334    0,000281953252851963    38,9990119934082
38,425    0,000281953252851963    38,9990119934082
38,515    0,000284926791209728    40,0245742797852
38,605    0,000284926791209728    40,0245742797852
38,695    0,000287979986751452    41,0501327514648
38,785    0,000287979986751452    41,0501327514648
38,875    0,000290993106318638    42,075439453125
38,965    0,000290993106318638    42,075439453125
39,055    0,00029396713944152    43,101001739502
39,145    0,00029396713944152    43,101001739502
39,235    0,000296940677799284    44,1263084411621
39,325    0,000296940677799284    44,1263084411621
39,415    0,000299874634947628    45,1518707275391
39,506    0,000299874634947628    45,1518707275391
39,596    0,000302768981782719    46,1774291992188
39,686    0,000302768981782719    46,1774291992188
39,776    0,000305624271277338    47,1239852905273
39,866    0,000305624271277338    47,1239852905273
39,956    0,00030851861811243    48,1492919921875
40,046    0,00030851861811243    48,1492919921875
40,135    0,00030851861811243    48,1492919921875
40,225    0,00030851861811243    48,1492919921875
40,315    0,00030851861811243    48,1492919921875
40,406    0,00031375209800899    50,2004127502441
40,496    0,00031375209800899    50,2004127502441
40,586    0,000316131336148828    51,3047256469727
40,676    0,000316131336148828    51,3047256469727
40,766    0,000318510050419718    52,3300361633301
40,856    0,000318510050419718    52,3300361633301
40,946    0,000320928869768977    53,2765884399414
41,036    0,000320928869768977    53,2765884399414
41,126    0,000323149259202182    54,3021507263184
41,216    0,000323149259202182    54,3021507263184
41,306    0,000325527973473072    55,327709197998
41,397    0,000325527973473072    55,327709197998
41,487    0,00032790721161291    56,3530197143555
41,577    0,00032790721161291    56,3530197143555
41,667    0,000330008828314021    57,3785781860352
41,757    0,000330008828314021    57,3785781860352
41,847    0,000332109950250015    58,4038848876953
41,937    0,000332109950250015    58,4038848876953
42,027    0,000334211566951126    59,4294471740723
42,118    0,000334211566951126    59,4294471740723
42,208    0,000336193916155025    60,455005645752
42,298    0,000336193916155025    60,455005645752
42,388    0,000338176265358925    61,4803161621094
42,478    0,000338176265358925    61,4803161621094
42,567    0,000340119557222351    62,5058746337891
42,657    0,000340119557222351    62,5058746337891
42,747    0,000341903447406366    63,531436920166
42,837    0,000341903447406366    63,531436920166
42,927    0,000343648309353739    64,5567474365234
43,017    0,000343648309353739    64,5567474365234
43,107    0,000345234293490648    65,5823059082031
43,197    0,000345234293490648    65,5823059082031
43,287    0,000346621818607673    66,6076126098633
43,377    0,000346621818607673    66,6076126098633
43,467    0,000346621818607673    66,6076126098633
43,558    0,000347969791619107    67,633171081543
43,648    0,000347969791619107    67,633171081543
43,738    0,000349318259395659    68,6587295532227
43,828    0,000349318259395659    68,6587295532227
43,918    0,000350705813616514    69,6840438842773
44,008    0,000350705813616514    69,6840438842773
44,098    0,000352093338733539    70,6305923461914
44,188    0,000352093338733539    70,6305923461914
44,278    0,000353243376594037    71,6561584472656
44,368    0,000353243376594037    71,6561584472656
44,458    0,000354353804141283    72,6814651489258
44,548    0,000354353804141283    72,6814651489258
44,638    0,000355265307007357    73,7070236206055
44,728    0,000355265307007357    73,7070236206055
44,818    0,000356098142219707    74,7325820922852
44,908    0,000356098142219707    74,7325820922852
44,998    0,000356891396222636    75,7578887939453
45,088    0,000356891396222636    75,7578887939453
45,178    0,000357802899088711    76,7834548950195
45,268    0,000357802899088711    76,7834548950195
45,358    0,000358596123987809    77,8090133666992
45,448    0,000358596123987809    77,8090133666992
45,538    0,000359309691702947    78,8343200683594
45,629    0,000359309691702947    78,8343200683594
45,718    0,000360023259418085    79,8598785400391
45,808    0,000360023259418085    79,8598785400391
45,899    0,000360459729563445    80,8064346313477
45,989    0,000360459729563445    80,8064346313477
46,079    0,000360895675839856    81,8317413330078
46,169    0,000360895675839856    81,8317413330078
46,259    0,000361371727194637    82,857307434082
46,349    0,000361371727194637    82,857307434082
46,439    0,000361728511052206    83,8828659057617
46,529    0,000361728511052206    83,8828659057617
46,619    0,000361728511052206    83,8828659057617
46,709    0,000361728511052206    83,8828659057617
46,799    0,000361728511052206    83,8828659057617
46,889    0,000362362916348502    85,9337310791016
46,979    0,000362362916348502    85,9337310791016
47,069    0,00036268011899665    86,9592895507813
47,159    0,00036268011899665    86,9592895507813
47,249    0,000362798862624913    87,9846038818359
47,339    0,000362798862624913    87,9846038818359
47,429    0,000362838443834335    89,0101623535156
47,519    0,000362838443834335    89,0101623535156
47,609    0,000362878025043756    90,0354690551758
47,699    0,000362878025043756    90,0354690551758
47,789    0,000362878025043756    90,9820251464844
47,88    0,000362878025043756    90,9820251464844
47,969    0,000362997292540967    92,0075836181641
48,059    0,000362997292540967    92,0075836181641
48,15    0,000362838443834335    93,0331420898438
48,24    0,000362838443834335    93,0331420898438
48,33    0,000362402497557923    94,0584564208984
48,42    0,000362402497557923    94,0584564208984
48,51    0,000362323335139081    95,0840148925781
48,6    0,000362323335139081    95,0840148925781
48,69    0,000362204067641869    96,1093215942383
48,78    0,000362204067641869    96,1093215942383
48,87    0,000361966551281512    97,134880065918
48,96    0,000361966551281512    97,134880065918
49,05    0,0003618472837843    98,1604385375977
49,14    0,0003618472837843    98,1604385375977
49,229    0,000361688929842785    99,1069946289063
49,319    0,000361688929842785    99,1069946289063
49,409    0,000361371727194637    100,132301330566
49,499    0,000361371727194637    100,132301330566
49,589    0,000361014943337068    101,157867431641
49,679    0,000361014943337068    101,157867431641
49,77    0,000360737351002172    102,18342590332
49,86    0,000360737351002172    102,18342590332
49,95    0,000360737351002172    102,18342590332
50,04    0,000360380567144603    103,20873260498
50,13    0,000360380567144603    103,20873260498
50,22    0,000360063364496455    104,155288696289
50,31    0,000360063364496455    104,155288696289
50,4    0,000359626894351095    105,25959777832
50,49    0,000359626894351095    105,25959777832
50,58    0,000359071680577472    106,206405639648
50,67    0,000359071680577472    106,206405639648
50,76    0,000358516961568967    107,231719970703
50,85    0,000358516961568967    107,231719970703
50,94    0,000358001329004765    108,257278442383
51,03    0,000358001329004765    108,257278442383
51,12    0,000357525772415102    109,282585144043
51,21    0,000357525772415102    109,282585144043
51,301    0,000357089331373572    110,308143615723
51,391    0,000357089331373572    110,308143615723
51,481    0,000356534088496119    111,254699707031
51,571    0,000356534088496119    111,254699707031
51,661    0,000356058561010286    112,280258178711
51,751    0,000356058561010286    112,280258178711
51,841    0,000355662195943296    113,305564880371
51,931    0,000355662195943296    113,305564880371
52,021    0,000355265307007357    114,331130981445
52,111    0,000355265307007357    114,331130981445
52,201    0,00035494810435921    115,356689453125
52,291    0,00035494810435921    115,356689453125
52,381    0,000354472576873377    116,381996154785
52,471    0,000354472576873377    116,381996154785
52,561    0,000353917363099754    117,328552246094
52,651    0,000353917363099754    117,328552246094
52,741    0,000353282957803458    118,354110717773
52,831    0,000353282957803458    118,354110717773
52,921    0,000352767325239256    119,379417419434
53,011    0,000352767325239256    119,379417419434
53,101    0,000352767325239256    119,379417419434
53,191    0,000352767325239256    119,379417419434
53,281    0,000352767325239256    119,379417419434
53,371    0,000351538619725034    121,430541992188
53,461    0,000351538619725034    121,430541992188
53,551    0,000351181341102347    122,377098083496
53,641    0,000351181341102347    122,377098083496
53,731    0,000350745394825935    123,402404785156
53,82    0,000350745394825935    123,402404785156
53,911    0,000350150570739061    124,427963256836
54,001    0,000350150570739061    124,427963256836
54,091    0,000349476584233344    125,453521728516
54,181    0,000349476584233344    125,453521728516
54,271    0,000348842208040878    126,478828430176
54,361    0,000348842208040878    126,478828430176
54,451    0,000348366651451215    127,50439453125
54,541    0,000348366651451215    127,50439453125
54,631    0,000347930210409686    128,529693603516
54,721    0,000347930210409686    128,529693603516
54,811    0,000347533816238865    129,476501464844
54,901    0,000347533816238865    129,476501464844
54,991    0,000347057793987915    130,501815795898
55,081    0,000347057793987915    130,501815795898
55,171    0,000346542656188831    131,527374267578
55,261    0,000346542656188831    131,527374267578
55,351    0,00034614629112184    132,552688598633
55,441    0,00034614629112184    132,552688598633
55,53    0,000345709820976481    133,578247070313
55,62    0,000345709820976481    133,578247070313
55,71    0,000345273874700069    134,603805541992
55,8    0,000345273874700069    134,603805541992
55,89    0,0003449170908425    135,550354003906
55,98    0,0003449170908425    135,550354003906
56,07    0,000344520201906562    136,575668334961
56,16    0,000344520201906562    136,575668334961
56,25    0,000344520201906562    136,575668334961
56,34    0,000344520201906562    136,575668334961
56,43    0,000344520201906562    136,575668334961
56,52    0,000343727471772581    138,62678527832
56,61    0,000343727471772581    138,62678527832
56,7    0,000343331106705591    139,652099609375
56,79    0,000343331106705591    139,652099609375
56,88    0,000342736282618716    140,677658081055
56,971    0,000342736282618716    140,677658081055
57,061    0,000342299841577187    141,624206542969
57,151    0,000342299841577187    141,624206542969
57,241    0,000341903447406366    142,649520874023
57,33    0,000341903447406366    142,649520874023
57,421    0,000341467501129955    143,675079345703
57,511    0,000341467501129955    143,675079345703
57,601    0,000340912287356332    144,700637817383
57,691    0,000340912287356332    144,700637817383
57,781    0,000340277882060036    145,647186279297
57,871    0,000340277882060036    145,647186279297
57,961    0,000339841935783625    146,672500610352
58,051    0,000339841935783625    146,672500610352
58,141    0,000339445046847686    147,698059082031
58,231    0,000339445046847686    147,698059082031
58,321    0,000339207530487329    148,723617553711
58,411    0,000339207530487329    148,723617553711
58,501    0,00033885074662976    149,748931884766
58,591    0,00033885074662976    149,748931884766
58,681    0,000338493468007073    150,69548034668
58,771    0,000338493468007073    150,69548034668
58,861    0,000338374695274979    151,721038818359
58,951    0,000338374695274979    151,721038818359
59,041    0,000338216370437294    152,746612548828
59,131    0,000338216370437294    152,746612548828
59,221    0,000337978330207989    153,693161010742
59,311    0,000337978330207989    153,693161010742
59,401    0,000337541889166459    154,718475341797
59,491    0,000337541889166459    154,718475341797
59,581    0,000337541889166459    154,718475341797
59,671    0,000336947065079585    155,744033813477
59,76    0,000336947065079585    155,744033813477
59,85    0,000336669967509806    156,769332885742
59,94    0,000336669967509806    156,769332885742
60,03    0,000336511118803173    157,71614074707
60,12    0,000336511118803173    157,71614074707
60,21    0,000336233497364447    158,741455078125
60,299    0,000336233497364447    158,741455078125
60,39    0,000335995486238971    159,767013549805
60,48    0,000335995486238971    159,767013549805
60,57    0,000335757969878614    160,79231262207
60,66    0,000335757969878614    160,79231262207
60,75    0,000335559510858729    161,817886352539
60,84    0,000335559510858729    161,817886352539
60,93    0,000335242337314412    162,764434814453
61,02    0,000335242337314412    162,764434814453
61,109    0,000335004297085106    163,789993286133
61,199    0,000335004297085106    163,789993286133
61,289    0,000334845943143591    164,815307617188
61,379    0,000334845943143591    164,815307617188
61,469    0,000334925134666264    165,761856079102
61,559    0,000334925134666264    165,761856079102
61,649    0,000335043878294528    166,787414550781
61,739    0,000335043878294528    166,787414550781
61,829    0,000334885553456843    167,812973022461
61,919    0,000334885553456843    167,812973022461
62,009    0,00033472667564638    168,838287353516
62,099    0,00033472667564638    168,838287353516
62,189    0,000334647513227537    169,78483581543
62,279    0,000334647513227537    169,78483581543
62,369    0,000334568350808695    170,810394287109
62,459    0,000334568350808695    170,810394287109
62,549    0,000334449578076601    171,835968017578
62,639    0,000334449578076601    171,835968017578
62,729    0,000334449578076601    171,835968017578
62,819    0,000334132375428453    172,861267089844
62,909    0,000334132375428453    172,861267089844
62,999    0,000334013137035072    173,807830810547
63,089    0,000334013137035072    173,807830810547
63,18    0,000333894364302978    174,833389282227
63,27    0,000333894364302978    174,833389282227
63,36    0,000333894364302978    175,858947753906
63,45    0,000333894364302978    175,858947753906
63,54    0,00033397352672182    176,884246826172
63,63    0,00033397352672182    176,884246826172
63,72    0,000333933945512399    177,830810546875
63,81    0,000333933945512399    177,830810546875
63,9    0,000333854783093557    178,856369018555
63,99    0,000333854783093557    178,856369018555
64,08    0,000333775096805766    179,88166809082
64,17    0,000333775096805766    179,88166809082
64,26    0,000333775096805766    180,828475952148
64,35    0,000333775096805766    180,828475952148
64,44    0,000333656353177503    181,853790283203
64,531    0,000333656353177503    181,853790283203
64,621    0,000333735515596345    182,879348754883
64,711    0,000333735515596345    182,879348754883
64,801    0,000333775096805766    183,825912475586
64,891    0,000333775096805766    183,825912475586
64,981    0,000333616742864251    184,851211547852
65,071    0,000333616742864251    184,851211547852
65,161    0,000333695934386924    185,876770019531
65,251    0,000333695934386924    185,876770019531
65,341    0,000333933945512399    186,902328491211
65,431    0,000333933945512399    186,902328491211
65,521    0,00033397352672182    187,848892211914
65,611    0,00033397352672182    187,848892211914
65,701    0,00033397352672182    188,87419128418
65,791    0,00033397352672182    188,87419128418
65,881    0,00033397352672182    188,87419128418
65,971    0,00033397352672182    188,87419128418
66,061    0,00033397352672182    188,87419128418
66,151    0,000334290729369968    190,846313476563
66,241    0,000334290729369968    190,846313476563
66,331    0,000334171985741705    191,871871948242
66,421    0,000334171985741705    191,871871948242
66,511    0,000334171985741705    192,897186279297
66,601    0,000334171985741705    192,897186279297
66,691    0,000334251148160547    193,843734741211
66,781    0,000334251148160547    193,843734741211
66,871    0,000334330310579389    194,869293212891
66,961    0,000334330310579389    194,869293212891
67,051    0,000334369920892641    195,89485168457
67,141    0,000334369920892641    195,89485168457
67,231    0,000334330310579389    196,920166015625
67,321    0,000334330310579389    196,920166015625
67,411    0,000334449578076601    197,866714477539
67,5    0,000334449578076601    197,866714477539
67,591    0,00033472667564638    198,892272949219
67,68    0,00033472667564638    198,892272949219
67,771    0,000334766780724749    199,917831420898
67,861    0,000334766780724749    199,917831420898
67,951    0,000334845943143591    200,864395141602
68,041    0,000334845943143591    200,864395141602
68,131    0,000335242337314412    201,889694213867
68,221    0,000335242337314412    201,889694213867
68,311    0,000335361080942675    202,915267944336
68,401    0,000335361080942675    202,915267944336
68,491    0,000335361080942675    203,86181640625
68,581    0,000335361080942675    203,86181640625
68,671    0,000335480348439887    204,88737487793
68,761    0,000335480348439887    204,88737487793
68,851    0,000335519929649308    205,833938598633
68,941    0,000335519929649308    205,833938598633
69,031    0,000335757969878614    206,859237670898
69,121    0,000335757969878614    206,859237670898
69,211    0,000335757969878614    206,859237670898
69,301    0,000335995486238971    207,884796142578
69,39    0,000335995486238971    207,884796142578
69,48    0,000335916294716299    208,910354614258
69,57    0,000335916294716299    208,910354614258
69,66    0,000336154334945604    209,856918334961
69,751    0,000336154334945604    209,856918334961
69,841    0,000336511118803173    210,882217407227
69,931    0,000336511118803173    210,882217407227
70,021    0,000336629862431437    211,907775878906
70,111    0,000336629862431437    211,907775878906
70,201    0,000336867902660742    212,933090209961
70,291    0,000336867902660742    212,933090209961
70,381    0,000337026751367375    213,879898071289
70,471    0,000337026751367375    213,879898071289
70,561    0,000337105913786218    214,905212402344
70,651    0,000337105913786218    214,905212402344
70,741    0,000337343954015523    215,851760864258
70,831    0,000337343954015523    215,851760864258
70,921    0,000337502278853208    216,877319335938
71,011    0,000337502278853208    216,877319335938
71,101    0,000337700737873092    217,823867797852
71,191    0,000337700737873092    217,823867797852
71,281    0,00033801791141741    218,84944152832
71,371    0,00033801791141741    218,84944152832
71,461    0,000338295532856137    219,874740600586
71,551    0,000338295532856137    219,874740600586
71,641    0,000338573154294863    220,821304321289
71,731    0,000338573154294863    220,821304321289
71,821    0,0003387710894458    221,846862792969
71,911    0,0003387710894458    221,846862792969
72,001    0,000338969519361854    222,872421264648
72,091    0,000338969519361854    222,872421264648
72,181    0,000339445046847686    223,818969726563
72,271    0,000339445046847686    223,818969726563
72,361    0,000339445046847686    223,818969726563
72,451    0,000339445046847686    223,818969726563
72,541    0,000339445046847686    223,818969726563
72,631    0,000339960679411888    225,869842529297
72,721    0,000339960679411888    225,869842529297
72,811    0,000340119557222351    226,816390991211
72,901    0,000340119557222351    226,816390991211
72,991    0,00034039665479213    227,762954711914
73,081    0,00034039665479213    227,762954711914
73,171    0,000340674247127026    228,788513183594
73,261    0,000340674247127026    228,788513183594
73,351    0,000341150298481807    229,813812255859
73,441    0,000341150298481807    229,813812255859
73,531    0,000341427919920534    230,760375976563
73,621    0,000341427919920534    230,760375976563
73,711    0,000341507082339376    231,785934448242
73,801    0,000341507082339376    231,785934448242
73,891    0,000341982638929039    232,732482910156
73,981    0,000341982638929039    232,732482910156
74,071    0,000342577433912084    233,758056640625
74,161    0,000342577433912084    233,758056640625
74,251    0,000343093066476285    234,783355712891
74,341    0,000343093066476285    234,783355712891
74,431    0,000343370687915012    235,80891418457
74,521    0,000343370687915012    235,80891418457
74,611    0,000343608699040487    236,755477905273
74,701    0,000343608699040487    236,755477905273
74,791    0,000344005093211308    237,781036376953
74,881    0,000344005093211308    237,781036376953
74,971    0,000344361847965047    238,727584838867
75,061    0,000344361847965047    238,727584838867
75,151    0,000344679050613195    239,752899169922
75,241    0,000344679050613195    239,752899169922
75,331    0,000345154607202858    240,778457641602
75,421    0,000345154607202858    240,778457641602
75,511    0,000345154607202858    240,778457641602
75,601    0,000345154607202858    240,778457641602
75,691    0,000345154607202858    240,778457641602
75,781    0,000345868669683114    242,750564575195
75,872    0,000345868669683114    242,750564575195
75,962    0,000346265034750104    243,77587890625
76,052    0,000346265034750104    243,77587890625
76,142    0,000346383807482198    244,722427368164
76,232    0,000346383807482198    244,722427368164
76,322    0,000346701010130346    245,747985839844
76,412    0,000346701010130346    245,747985839844
76,502    0,000347097869962454    246,694549560547
76,592    0,000347097869962454    246,694549560547
76,682    0,000347415072610602    247,720108032227
76,772    0,000347415072610602    247,720108032227
76,862    0,000347652588970959    248,745422363281
76,952    0,000347652588970959    248,745422363281
77,042    0,000348009372828528    249,691970825195
77,132    0,000348009372828528    249,691970825195
77,222    0,000348406261764467    250,717529296875
77,312    0,000348406261764467    250,717529296875
77,402    0,000348683854099363    251,664093017578
77,492    0,000348683854099363    251,664093017578
77,582    0,000349159410689026    252,689651489258
77,672    0,000349159410689026    252,689651489258
77,762    0,00034975420567207    253,636199951172
77,853    0,00034975420567207    253,636199951172
77,943    0,000350269838236272    254,661514282227
78,033    0,000350269838236272    254,661514282227
78,123    0,000350784976035357    255,608322143555
78,213    0,000350784976035357    255,608322143555
78,303    0,000351261027390137    256,633636474609
78,392    0,000351261027390137    256,633636474609
78,482    0,000351617811247706    257,6591796875
78,572    0,000351617811247706    257,6591796875
78,662    0,00035217302502133    258,605743408203
78,752    0,00035217302502133    258,605743408203
78,842    0,00035217302502133    258,605743408203
78,932    0,000352767325239256    259,631042480469
79,022    0,000352767325239256    259,631042480469
79,112    0,000353164214175195    260,656616210938
79,202    0,000353164214175195    260,656616210938
79,292    0,000353759009158239    261,603149414063
79,382    0,000353759009158239    261,603149414063
79,472    0,000354313728166744    262,628723144531
79,561    0,000354313728166744    262,628723144531
79,651    0,000354908523149788    263,575286865234
79,741    0,000354908523149788    263,575286865234
79,831    0,000355463766027242    264,6005859375
79,921    0,000355463766027242    264,6005859375
80,011    0,000355939788278192    265,626129150391
80,101    0,000355939788278192    265,626129150391
80,191    0,000356494507286698    266,572692871094
80,281    0,000356494507286698    266,572692871094
80,371    0,000356732547516003    267,598236083984
80,461    0,000356732547516003    267,598236083984
80,551    0,000357049750164151    268,623565673828
80,641    0,000357049750164151    268,623565673828
80,731    0,000357802899088711    269,570373535156
80,821    0,000357802899088711    269,570373535156
80,911    0,000358318531652912    270,516906738281
81,001    0,000358318531652912    270,516906738281
81,091    0,000358754477929324    271,542236328125
81,181    0,000358754477929324    271,542236328125
81,271    0,00035938888322562    272,48876953125
81,36    0,00035938888322562    272,48876953125
81,45    0,000359904515789822    273,514343261719
81,54    0,000359904515789822    273,514343261719
81,63    0,000360499310772866    274,460876464844
81,72    0,000360499310772866    274,460876464844
81,81    0,000361054524546489    275,486450195313
81,9    0,000361054524546489    275,486450195313
81,99    0,000361054524546489    275,486450195313
82,08    0,000361569662345573    276,511749267578
82,17    0,000361569662345573    276,511749267578
82,26    0,000362045713700354    277,458312988281
82,35    0,000362045713700354    277,458312988281
82,44    0,000362362916348502    278,48388671875
82,53    0,000362362916348502    278,48388671875
82,62    0,000362719700206071    279,509429931641
82,71    0,000362719700206071    279,509429931641
82,8    0,000363393686711788    280,455993652344
82,89    0,000363393686711788    280,455993652344
82,98    0,000364028062904254    281,481292724609
83,07    0,000364028062904254    281,481292724609
83,16    0,00036430568434298    282,427856445313
83,25    0,00036430568434298    282,427856445313
83,34    0,000364781211828813    283,453399658203
83,429    0,000364781211828813    283,453399658203
83,519    0,000365495303412899    284,399963378906
83,609    0,000365495303412899    284,399963378906
83,699    0,000366090098395944    285,425537109375
83,789    0,000366090098395944    285,425537109375
83,879    0,000366764084901661    286,450836181641
83,969    0,000366764084901661    286,450836181641
84,059    0,00036751723382622    287,397399902344
84,149    0,00036751723382622    287,397399902344
84,239    0,00036791359889321    288,422943115234
84,329    0,00036791359889321    288,422943115234
84,419    0,000368270382750779    289,369506835938
84,509    0,000368270382750779    289,369506835938
84,599    0,000369024055544287    290,395050048828
84,689    0,000369024055544287    290,395050048828
84,779    0,000369816785678267    291,341613769531
84,869    0,000369816785678267    291,341613769531
84,959    0,000370371999451891    292,366912841797
85,049    0,000370371999451891    292,366912841797
85,139    0,000370371999451891    292,366912841797
85,229    0,000370887632016093    293,313720703125
85,318    0,000370887632016093    293,313720703125
85,409    0,00037120483466424    294,339050292969
85,499    0,00037120483466424    294,339050292969
85,589    0,000371522037312388    295,364593505859
85,679    0,000371522037312388    295,364593505859
85,768    0,000372037175111473    296,311157226563
85,858    0,000372037175111473    296,311157226563
85,948    0,000372592388885096    297,257720947266
86,038    0,000372592388885096    297,257720947266
86,128    0,000373266375390813    298,283264160156
86,218    0,000373266375390813    298,283264160156
86,308    0,000373940332792699    299,229827880859
86,398    0,000373940332792699    299,229827880859
86,488    0,00037441638414748    300,255126953125
86,578    0,00037441638414748    300,255126953125
86,668    0,000375011208234355    301,201690673828
86,758    0,000375011208234355    301,201690673828
86,848    0,000375803938368335    302,227264404297
86,937    0,000375803938368335    302,227264404297
87,027    0,000376557611161843    303,252807617188
87,117    0,000376557611161843    303,252807617188
87,207    0,000377310760086402    304,199371337891
87,297    0,000377310760086402    304,199371337891
87,387    0,000378222757717595    305,224670410156
87,477    0,000378222757717595    305,224670410156
87,567    0,000379095174139366    306,171234130859
87,657    0,000379095174139366    306,171234130859
87,747    0,00037961031193845    307,19677734375
87,837    0,00037961031193845    307,19677734375
87,927    0,000379967095796019    308,143341064453
88,017    0,000379967095796019    308,143341064453
88,107    0,000380482728360221    309,168914794922
88,197    0,000380482728360221    309,168914794922
88,287    0,000380482728360221    309,168914794922
88,377    0,000381156685762107    310,115447998047
88,467    0,000381156685762107    310,115447998047
88,557    0,000381949939765036    311,140777587891
88,646    0,000381949939765036    311,140777587891
88,736    0,000382544763851911    312,087585449219
88,826    0,000382544763851911    312,087585449219
88,916    0,000383020291337743    313,112884521484
89,006    0,000383020291337743    313,112884521484
89,096    0,000383654696634039    314,059448242188
89,186    0,000383654696634039    314,059448242188
89,276    0,00038452711305581    315,084991455078
89,366    0,00038452711305581    315,084991455078
89,456    0,000385557854315266    316,110290527344
89,546    0,000385557854315266    316,110290527344
89,636    0,000386271422030404    317,135864257813
89,726    0,000386271422030404    317,135864257813
89,816    0,000386945932405069    318,082427978516
89,906    0,000386945932405069    318,082427978516
89,996    0,000387817824957892    319,107971191406
90,086    0,000387817824957892    319,107971191406
90,176    0,000388611078960821    320,054534912109
90,266    0,000388611078960821    320,054534912109
90,356    0,000389205873943865    321,080108642578
90,446    0,000389205873943865    321,080108642578
90,535    0,000389879860449582    322,026641845703
90,625    0,000389879860449582    322,026641845703
90,715    0,000390633009374142    323,051971435547
90,805    0,000390633009374142    323,051971435547
90,895    0,000391306995879859    323,998504638672
90,985    0,000391306995879859    323,998504638672
91,075    0,00039217941230163    325,024078369141
91,165    0,00039217941230163    325,024078369141
91,255    0,000393289868952706    325,970611572266
91,345    0,000393289868952706    325,970611572266
91,435    0,000393289868952706    325,970611572266
91,525    0,00039420134271495    326,996185302734
91,615    0,00039420134271495    326,996185302734
91,705    0,000394875853089616    327,942749023438
91,795    0,000394875853089616    327,942749023438
91,885    0,000395668583223596    328,968048095703
91,975    0,000395668583223596    328,968048095703
92,065    0,000396461837226525    329,914611816406
92,155    0,000396461837226525    329,914611816406
92,245    0,000397056137444451    330,940155029297
92,335    0,000397056137444451    330,940155029297
92,425    0,000397571770008653    331,88671875
92,515    0,000397571770008653    331,88671875
92,605    0,000398126983782277    332,833282470703
92,695    0,000398126983782277    332,833282470703
92,785    0,000398919713916257    333,858825683594
92,875    0,000398919713916257    333,858825683594
92,965    0,000399673386709765    334,884155273438
93,055    0,000399673386709765    334,884155273438
93,145    0,000400386954424903    335,830963134766
93,235    0,000400386954424903    335,830963134766
93,325    0,000401100522140041    336,856262207031
93,415    0,000401100522140041    336,856262207031
93,505    0,000401972938561812    337,802825927734
93,595    0,000401972938561812    337,802825927734
93,685    0,000402884936193004    338,828369140625
93,775    0,000402884936193004    338,828369140625
93,865    0,000403717771405354    339,774932861328
93,955    0,000403717771405354    339,774932861328
94,045    0,000404669350245968    340,800476074219
94,135    0,000404669350245968    340,800476074219
94,225    0,000405263650463894    341,747039794922
94,315    0,000405263650463894    341,747039794922
94,405    0,000405541271902621    342,693603515625
94,495    0,000405541271902621    342,693603515625
94,585    0,000405541271902621    342,693603515625
94,675    0,000406770472181961    343,718902587891
94,765    0,000406770472181961    343,718902587891
94,855    0,000408158521167934    344,665710449219
94,945    0,000408158521167934    344,665710449219
95,035    0,000408634077757597    345,691009521484
95,125    0,000408634077757597    345,691009521484
95,215    0,000409228872740641    346,716583251953
95,305    0,000409228872740641    346,716583251953
95,395    0,000410259643103927    347,663146972656
95,485    0,000410259643103927    347,663146972656
95,575    0,000411052897106856    348,688446044922
95,665    0,000411052897106856    348,688446044922
95,755    0,00041156800580211    349,63525390625
95,845    0,00041156800580211    349,63525390625
95,935    0,000412241992307827    350,660552978516
96,025    0,000412241992307827    350,660552978516
96,115    0,000413273257436231    351,607116699219
96,205    0,000413273257436231    351,607116699219
96,295    0,000414304027799517    352,632659912109
96,385    0,000414304027799517    352,632659912109
96,475    0,000414898822782561    353,579223632813
96,565    0,000414898822782561    353,579223632813
96,655    0,000415691582020372    354,604797363281
96,745    0,000415691582020372    354,604797363281
96,835    0,000416802009567618    355,551330566406
96,925    0,000416802009567618    355,551330566406
97,015    0,000417475996073335    356,57666015625
97,105    0,000417475996073335    356,57666015625
97,195    0,000418308831285685    357,523193359375
97,285    0,000418308831285685    357,523193359375
97,375    0,000419339601648971    358,548767089844
97,465    0,000419339601648971    358,548767089844
97,555    0,000419973977841437    359,495330810547
97,645    0,000419973977841437    359,495330810547
97,735    0,000419973977841437    359,495330810547
97,825    0,000419973977841437    359,495330810547
97,915    0,000419973977841437    359,495330810547
98,005    0,000421639153501019    361,388427734375
98,095    0,000421639153501019    361,388427734375
98,185    0,000422352692112327    362,414001464844
98,275    0,000422352692112327    362,414001464844
98,365    0,000423423567553982    363,360534667969
98,455    0,000423423567553982    363,360534667969
98,545    0,000424097554059699    364,386108398438
98,635    0,000424097554059699    364,386108398438
98,725    0,000424771511461586    365,332672119141
98,815    0,000424771511461586    365,332672119141
98,905    0,000425762700615451    366,279205322266
98,995    0,000425762700615451    366,279205322266
99,085    0,000426635117037222    367,304534912109
99,175    0,000426635117037222    367,304534912109
99,265    0,000427467952249572    368,251312255859
99,355    0,000427467952249572    368,251312255859
99,445    0,000428339873906225    369,276641845703
99,535    0,000428339873906225    369,276641845703
99,625    0,000429291452746838    370,223175048828
99,714    0,000429291452746838    370,223175048828
99,804    0,000430322717875242    371,248748779297
99,894    0,000430322717875242    371,248748779297
99,984    0,000431511842180043    372,1953125
100,074    0,000431511842180043    372,1953125
100,164    0,000432741042459384    373,141845703125
100,254    0,000432741042459384    373,141845703125
100,344    0,000433653040090576    374,167419433594
100,434    0,000433653040090576    374,167419433594
100,524    0,000434446294093505    375,113983154297
100,614    0,000434446294093505    375,113983154297
100,704    0,000435358291724697    376,139282226563
100,794    0,000435358291724697    376,139282226563
100,884    0,000435358291724697    376,139282226563
100,973    0,000435358291724697    376,139282226563
101,063    0,000435358291724697    376,139282226563
101,153    0,000437221373431385    378,032653808594
101,243    0,000437221373431385    378,032653808594
101,333    0,000438331800978631    379,057952880859
101,423    0,000438331800978631    379,057952880859
101,513    0,000439402152551338    380,004516601563
101,603    0,000439402152551338    380,004516601563
101,693    0,000440353760495782    381,030059814453
101,783    0,000440353760495782    381,030059814453
101,873    0,000441344920545816    381,976623535156
101,963    0,000441344920545816    381,976623535156
102,052    0,000442217336967587    383,002166748047
102,142    0,000442217336967587    383,002166748047
102,232    0,000443406956037506    383,94873046875
102,322    0,000443406956037506    383,94873046875
102,412    0,000444477307610214    384,895294189453
102,501    0,000444477307610214    384,895294189453
102,591    0,000445349724031985    385,920593261719
102,681    0,000445349724031985    385,920593261719
102,771    0,000446261750767007    386,867401123047
102,861    0,000446261750767007    386,867401123047
102,951    0,000447094556875527    387,81396484375
103,04    0,000447094556875527    387,81396484375
103,13    0,000448164908448234    388,839263916016
103,22    0,000448164908448234    388,839263916016
103,31    0,000449354527518153    389,785827636719
103,4    0,000449354527518153    389,785827636719
103,49    0,000450306135462597    390,732391357422
103,58    0,000450306135462597    390,732391357422
103,67    0,000451297295512632    391,757934570313
103,76    0,000451297295512632    391,757934570313
103,85    0,000452288484666497    392,704498291016
103,939    0,000452288484666497    392,704498291016
104,029    0,000452288484666497    392,704498291016
104,119    0,000453438493423164    393,730041503906
104,209    0,000453438493423164    393,730041503906
104,299    0,000454429682577029    394,676605224609
104,389    0,000454429682577029    394,676605224609
104,479    0,000455420871730894    395,623168945313
104,569    0,000455420871730894    395,623168945313
104,659    0,000456570880487561    396,648712158203
104,749    0,000456570880487561    396,648712158203
104,839    0,000457879272289574    397,595275878906
104,929    0,000457879272289574    397,595275878906
105,019    0,000459108472568914    398,620574951172
105,109    0,000459108472568914    398,620574951172
105,198    0,000459940783912316    399,567138671875
105,288    0,000459940783912316    399,567138671875
105,378    0,000460734037915245    400,513702392578
105,468    0,000460734037915245    400,513702392578
105,558    0,000461843970697373    401,539245605469
105,647    0,000461843970697373    401,539245605469
105,737    0,000463271600892767    402,485809326172
105,827    0,000463271600892767    402,485809326172
105,917    0,000464897166239098    403,432373046875
106,007    0,000464897166239098    403,432373046875
106,097    0,000466165976831689    404,457916259766
106,187    0,000466165976831689    404,457916259766
106,277    0,000467236328404397    405,404479980469
106,367    0,000467236328404397    405,404479980469
106,457    0,000468267593532801    406,351043701172
106,547    0,000468267593532801    406,351043701172
106,637    0,000469179096398875    407,376586914063
106,727    0,000469179096398875    407,376586914063
106,817    0,000470567145384848    408,323150634766
106,907    0,000470567145384848    408,323150634766
106,997    0,000470567145384848    408,323150634766
107,087    0,000470567145384848    408,323150634766
107,177    0,000470567145384848    408,323150634766
107,267    0,000473183870781213    410,295135498047
107,357    0,000473183870781213    410,295135498047
107,447    0,000474333908641711    411,320556640625
107,537    0,000474333908641711    411,320556640625
107,627    0,000475404260214418    412,267242431641
107,717    0,000475404260214418    412,267242431641
107,807    0,00047631625784561    413,292694091797
107,897    0,00047631625784561    413,292694091797
107,987    0,000476990244351327    414,239227294922
108,077    0,000476990244351327    414,239227294922
108,167    0,000477783498354256    415,185791015625
108,257    0,000477783498354256    415,185791015625
108,347    0,000479091861052439    416,211242675781
108,437    0,000479091861052439    416,211242675781
108,527    0,000480518996482715    417,157897949219
108,617    0,000480518996482715    417,157897949219
108,707    0,000481946626678109    418,104461669922
108,797    0,000481946626678109    418,104461669922
108,887    0,00048313575098291    419,051025390625
108,977    0,00048313575098291    419,051025390625
109,067    0,000484167016111314    420,076446533203
109,157    0,000484167016111314    420,076446533203
109,247    0,000485079013742507    421,023010253906
109,337    0,000485079013742507    421,023010253906
109,427    0,000486387405544519    421,969696044922
109,517    0,000486387405544519    421,969696044922
109,607    0,000487933779368177    422,9951171875
109,697    0,000487933779368177    422,9951171875
109,787    0,000489043712150306    423,941680908203
109,877    0,000489043712150306    423,941680908203
109,967    0,000490154197905213    424,967102050781
110,056    0,000490154197905213    424,967102050781
110,146    0,000491383369080722    425,913665771484
110,236    0,000491383369080722    425,913665771484
110,326    0,000491383369080722    425,913665771484
110,416    0,000492770923301578    426,8603515625
110,506    0,000492770923301578    426,8603515625
110,596    0,000494277745019644    427,806915283203
110,686    0,000494277745019644    427,806915283203
110,775    0,000495506916195154    428,832336425781
110,865    0,000495506916195154    428,832336425781
110,955    0,000496537715662271    429,778900146484
111,045    0,000496537715662271    429,778900146484
111,135    0,000497647619340569    430,725433349609
111,225    0,000497647619340569    430,725433349609
111,315    0,000498837267514318    431,751007080078
111,405    0,000498837267514318    431,751007080078
111,494    0,000499947695061564    432,697570800781
111,584    0,000499947695061564    432,697570800781
111,674    0,000501018017530441    433,644104003906
111,764    0,000501018017530441    433,644104003906
111,854    0,000502247246913612    434,669555664063
111,944    0,000502247246913612    434,669555664063
112,034    0,000503515999298543    435,616088867188
112,124    0,000503515999298543    435,616088867188
112,214    0,000504745228681713    436,562774658203
112,303    0,000504745228681713    436,562774658203
112,394    0,000506053620483726    437,588226318359
112,484    0,000506053620483726    437,588226318359
112,573    0,000507282791659236    438,534759521484
112,663    0,000507282791659236    438,534759521484
112,753    0,000508512021042407    439,481323242188
112,843    0,000508512021042407    439,481323242188
112,933    0,000510058423969895    440,428009033203
113,023    0,000510058423969895    440,428009033203
113,113    0,000511327176354825    441,453430175781
113,203    0,000511327176354825    441,453430175781
113,293    0,000511327176354825    441,453430175781
113,382    0,000511327176354825    441,453430175781
113,472    0,000511327176354825    441,453430175781
113,562    0,00051382469246164    443,346557617188
113,652    0,00051382469246164    443,346557617188
113,742    0,00051513354992494    444,371978759766
113,832    0,00051513354992494    444,371978759766
113,921    0,00051636277930811    445,318664550781
114,011    0,00051636277930811    445,318664550781
114,101    0,000517631531693041    446,344116210938
114,191    0,000517631531693041    446,344116210938
114,281    0,000519177410751581    447,290649414063
114,371    0,000519177410751581    447,290649414063
114,46    0,000520644651260227    448,237213134766
114,55    0,000520644651260227    448,237213134766
114,64    0,000521992624271661    449,262634277344
114,73    0,000521992624271661    449,262634277344
114,82    0,000523539027199149    450,209320068359
