sec"    "mA"    "mV
0,716    -0,000139286217745394    -119,079643249512
1,375    -3,98046540794894E-5    -119,079643249512
2,034    -2,13676503335591E-5    -119,079643249512
2,692    -9,63136608334025E-6    -119,079643249512
3,351    -3,04940385831287E-6    -119,079643249512
4,009    2,41323391492188E-7    -119,00089263916
4,668    3,49297192769882E-6    -119,079643249512
5,327    5,3565668167721E-6    -119,00089263916
5,985    7,2993343565031E-6    -119,079643249512
6,643    8,64729372551665E-6    -119,079643249512
7,302    9,9952540040249E-6    -119,079643249512
7,961    1,10661103462917E-5    -119,00089263916
8,619    1,20572876767255E-5    -119,00089263916
9,677    1,34448337121285E-5    -119,00089263916
10,099    1,37224442369188E-5    -119,00089263916
10,185    1,37224442369188E-5    -119,00089263916
10,271    2,41503548750188E-5    -118,685371398926
10,357    2,41503548750188E-5    -118,685371398926
10,443    3,59658115485217E-5    -117,896575927734
10,529    3,59658115485217E-5    -117,896575927734
10,615    3,88601692975499E-5    -116,792266845703
10,7    3,88601692975499E-5    -116,792266845703
10,786    4,10805478168186E-5    -115,687950134277
10,872    4,10805478168186E-5    -115,687950134277
10,958    4,28253842983395E-5    -114,662391662598
11,043    4,28253842983395E-5    -114,662391662598
11,129    4,44509532826487E-5    -113,558074951172
11,215    4,44509532826487E-5    -113,558074951172
11,3    4,58390059066005E-5    -112,453765869141
11,386    4,58390059066005E-5    -112,453765869141
11,471    4,58390059066005E-5    -112,453765869141
11,557    4,69093574793078E-5    -111,428199768066
11,643    4,69093574793078E-5    -111,428199768066
11,729    4,79401205666363E-5    -110,323890686035
11,814    4,79401205666363E-5    -110,323890686035
11,9    4,89708836539648E-5    -109,219573974609
11,986    4,89708836539648E-5    -109,219573974609
12,072    4,99625675729476E-5    -108,19401550293
12,157    4,99625675729476E-5    -108,19401550293
12,243    5,10329155076761E-5    -107,089698791504
12,329    5,10329155076761E-5    -107,089698791504
12,414    5,20240937476046E-5    -106,064392089844
12,5    5,20240937476046E-5    -106,064392089844
12,586    5,20240937476046E-5    -106,064392089844
12,672    5,28569253219757E-5    -105,038833618164
12,757    5,28569253219757E-5    -105,038833618164
12,843    5,36100778845139E-5    -103,934516906738
12,929    5,36100778845139E-5    -103,934516906738
13,014    5,4363230447052E-5    -102,908958435059
13,1    5,4363230447052E-5    -102,908958435059
13,186    5,50773038412444E-5    -101,804649353027
13,271    5,50773038412444E-5    -101,804649353027
13,357    5,58700412511826E-5    -100,779335021973
13,443    5,58700412511826E-5    -100,779335021973
13,529    5,68216310057323E-5    -99,6747741699219
13,615    5,68216310057323E-5    -99,6747741699219
13,7    5,68216310057323E-5    -99,6747741699219
13,786    5,75351987208705E-5    -98,5704574584961
13,872    5,75351987208705E-5    -98,5704574584961
13,957    5,816959310323E-5    -97,5451507568359
14,043    5,816959310323E-5    -97,5451507568359
14,129    5,88039838476107E-5    -96,4408340454102
14,215    5,88039838476107E-5    -96,4408340454102
14,301    5,93987933825701E-5    -95,4152755737305
14,386    5,93987933825701E-5    -95,4152755737305
14,472    6,00727726123296E-5    -94,3109588623047
14,558    6,00727726123296E-5    -94,3109588623047
14,643    6,09056041867007E-5    -93,285400390625
14,729    6,09056041867007E-5    -93,285400390625
14,815    6,09056041867007E-5    -93,285400390625
14,901    6,16592660662718E-5    -92,2600936889648
14,986    6,16592660662718E-5    -92,2600936889648
15,072    6,22535662841983E-5    -91,1557769775391
15,158    6,22535662841983E-5    -91,1557769775391
15,244    6,2887957028579E-5    -90,1302185058594
15,329    6,2887957028579E-5    -90,1302185058594
15,415    6,35223550489172E-5    -89,0259094238281
15,501    6,35223550489172E-5    -89,0259094238281
15,586    6,41567457932979E-5    -88,0003433227539
15,672    6,41567457932979E-5    -88,0003433227539
15,757    6,49104040348902E-5    -86,8960342407227
15,843    6,49104040348902E-5    -86,8960342407227
15,928    6,49104040348902E-5    -86,8960342407227
16,014    6,49104040348902E-5    -86,8960342407227
16,099    6,49104040348902E-5    -86,8960342407227
16,185    6,60599253023975E-5    -84,8451614379883
16,271    6,60599253023975E-5    -84,8451614379883
16,357    6,66943233227357E-5    -83,740852355957
16,442    6,66943233227357E-5    -83,740852355957
16,528    6,73287140671164E-5    -82,7152862548828
16,614    6,73287140671164E-5    -82,7152862548828
16,7    6,79235236020759E-5    -81,6109771728516
16,785    6,79235236020759E-5    -81,6109771728516
16,871    6,86771818436682E-5    -80,5854187011719
16,957    6,86771818436682E-5    -80,5854187011719
17,042    6,94303307682276E-5    -79,5601043701172
17,128    6,94303307682276E-5    -79,5601043701172
17,214    6,94303307682276E-5    -79,5601043701172
17,3    6,99855590937659E-5    -78,4557952880859
17,386    6,99855590937659E-5    -78,4557952880859
17,471    7,06595383235253E-5    -77,4302368164063
17,557    7,06595383235253E-5    -77,4302368164063
17,643    7,1293929067906E-5    -76,404670715332
17,728    7,1293929067906E-5    -76,404670715332
17,814    7,18491501174867E-5    -75,3003616333008
17,9    7,18491501174867E-5    -75,3003616333008
17,986    7,25627178326249E-5    -74,2750549316406
18,072    7,25627178326249E-5    -74,2750549316406
18,158    7,32762855477631E-5    -73,1707382202148
18,244    7,32762855477631E-5    -73,1707382202148
18,33    7,32762855477631E-5    -73,1707382202148
18,416    7,40299437893555E-5    -72,1451797485352
18,501    7,40299437893555E-5    -72,1451797485352
18,587    7,47039230191149E-5    -71,1196136474609
18,673    7,47039230191149E-5    -71,1196136474609
18,759    7,52987325540744E-5    -70,0943069458008
18,845    7,52987325540744E-5    -70,0943069458008
18,931    7,59727117838338E-5    -68,9899978637695
19,016    7,59727117838338E-5    -68,9899978637695
19,102    7,67654491937719E-5    -67,9644317626953
19,188    7,67654491937719E-5    -67,9644317626953
19,273    7,7637865615543E-5    -66,9388732910156
19,359    7,7637865615543E-5    -66,9388732910156
19,445    7,7637865615543E-5    -66,9388732910156
19,531    7,84311123425141E-5    -65,8345642089844
19,617    7,84311123425141E-5    -65,8345642089844
19,702    7,89858240750618E-5    -64,8092498779297
19,788    7,89858240750618E-5    -64,8092498779297
19,874    7,94618754298426E-5    -63,78369140625
19,959    7,94618754298426E-5    -63,78369140625
20,046    7,99770059529692E-5    -62,6793785095215
20,131    7,99770059529692E-5    -62,6793785095215
20,218    8,07306641945615E-5    -61,6538200378418
20,303    8,07306641945615E-5    -61,6538200378418
20,389    8,184059697669E-5    -60,6285095214844
20,475    8,184059697669E-5    -60,6285095214844
20,561    8,184059697669E-5    -60,6285095214844
20,647    8,184059697669E-5    -60,6285095214844
20,733    8,184059697669E-5    -60,6285095214844
20,819    8,32682417239994E-5    -58,4986381530762
20,905    8,32682417239994E-5    -58,4986381530762
20,991    8,42198278405704E-5    -57,4730758666992
21,077    8,42198278405704E-5    -57,4730758666992
21,162    8,50521537358873E-5    -56,4477691650391
21,248    8,50521537358873E-5    -56,4477691650391
21,335    8,56865444802679E-5    -55,3434562683105
21,421    8,56865444802679E-5    -55,3434562683105
21,506    8,65985493874177E-5    -54,3178939819336
21,592    8,65985493874177E-5    -54,3178939819336
21,679    8,75897312653251E-5    -53,2923355102539
21,764    8,75897312653251E-5    -53,2923355102539
21,85    8,75897312653251E-5    -53,2923355102539
21,936    8,84225592017174E-5    -52,2670249938965
22,022    8,84225592017174E-5    -52,2670249938965
22,108    8,91361269168556E-5    -51,162712097168
22,194    8,91361269168556E-5    -51,162712097168
22,28    8,99689621292055E-5    -50,137149810791
22,366    8,99689621292055E-5    -50,137149810791
22,452    9,09997179405764E-5    -49,1118431091309
22,538    9,09997179405764E-5    -49,1118431091309
22,623    9,20705788303167E-5    -48,0862846374512
22,709    9,20705788303167E-5    -48,0862846374512
22,795    9,31013419176452E-5    -47,0607223510742
22,881    9,31013419176452E-5    -47,0607223510742
22,967    9,31013419176452E-5    -47,0607223510742
23,052    9,39737583394162E-5    -45,9564094543457
23,138    9,39737583394162E-5    -45,9564094543457
23,224    9,48060842347331E-5    -44,9311027526855
23,31    9,48060842347331E-5    -44,9311027526855
23,396    9,58373566390947E-5    -43,9055404663086
23,482    9,58373566390947E-5    -43,9055404663086
23,568    9,67092637438327E-5    -42,8799819946289
23,654    9,67092637438327E-5    -42,8799819946289
23,739    9,77405361481942E-5    -41,7756652832031
23,825    9,77405361481942E-5    -41,7756652832031
23,911    9,90884946077131E-5    -40,750358581543
23,996    9,90884946077131E-5    -40,750358581543
24,082    0,000100357283372432    -39,7248001098633
24,168    0,000100357283372432    -39,7248001098633
24,254    0,000100357283372432    -39,7248001098633
24,34    0,00010146721615456    -38,6992378234863
24,425    0,00010146721615456    -38,6992378234863
24,511    0,000102617246739101    -37,5949249267578
24,597    0,000102617246739101    -37,5949249267578
24,683    0,00010380686580902    -36,5696182250977
24,768    0,00010380686580902    -36,5696182250977
24,854    0,00010503606608836    -35,5440559387207
24,94    0,00010503606608836    -35,5440559387207
25,025    0,0001063444360625    -34,518497467041
25,111    0,0001063444360625    -34,518497467041
25,197    0,000107613224827219    -33,4931869506836
25,283    0,000107613224827219    -33,4931869506836
25,369    0,000107613224827219    -33,4931869506836
25,454    0,000108882013591938    -32,4676284790039
25,54    0,000108882013591938    -32,4676284790039
25,626    0,000109991946374066    -31,4423198699951
25,712    0,000109991946374066    -31,4423198699951
25,798    0,000111340414150618    -30,4167594909668
25,884    0,000111340414150618    -30,4167594909668
25,97    0,000112807130790316    -29,3911991119385
26,056    0,000112807130790316    -29,3911991119385
26,142    0,000114115508040413    -28,2868843078613
26,228    0,000114115508040413    -28,2868843078613
26,314    0,000115781171189155    -27,2615776062012
26,4    0,000115781171189155    -27,2615776062012
26,486    0,000115781171189155    -27,2615776062012
26,572    0,000115781171189155    -27,2615776062012
26,658    0,000115781171189155    -27,2615776062012
26,744    0,000118873460451141    -25,2104568481445
26,83    0,000118873460451141    -25,2104568481445
26,916    0,000120539123599883    -24,1851482391357
27,002    0,000120539123599883    -24,1851482391357
27,087    0,000122085009934381    -23,1595878601074
27,173    0,000122085009934381    -23,1595878601074
27,258    0,000123631412861869    -22,1342811584473
27,344    0,000123631412861869    -22,1342811584473
27,43    0,000125415841466747    -21,1087207794189
27,515    0,000125415841466747    -21,1087207794189
27,601    0,000127319013699889    -20,0044059753418
27,687    0,000127319013699889    -20,0044059753418
27,772    0,000127319013699889    -20,0044059753418
27,858    0,000129063846543431    -18,9788455963135
27,944    0,000129063846543431    -18,9788455963135
28,029    0,000130847765831277    -17,9535369873047
28,115    0,000130847765831277    -17,9535369873047
28,201    0,000132870220113546    -16,9279766082764
28,286    0,000132870220113546    -16,9279766082764
28,372    0,000134892150526866    -15,9024171829224
28,458    0,000134892150526866    -15,9024171829224
28,544    0,000136953676701523    -14,8771095275879
28,629    0,000136953676701523    -14,8771095275879
28,715    0,000139094889163971    -13,8515491485596
28,801    0,000139094889163971    -13,8515491485596
28,887    0,000139094889163971    -13,8515491485596
28,972    0,000141156924655661    -12,8262405395508
29,058    0,000141156924655661    -12,8262405395508
29,144    0,000143258032039739    -11,7219266891479
29,229    0,000143258032039739    -11,7219266891479
29,315    0,000145320067531429    -10,6963672637939
29,401    0,000145320067531429    -10,6963672637939
29,487    0,00014758002362214    -9,67080688476563
29,573    0,00014758002362214    -9,67080688476563
29,659    0,000150038438732736    -8,64549827575684
29,745    0,000150038438732736    -8,64549827575684
29,831    0,000152536420500837    -7,61993789672852
29,917    0,000152536420500837    -7,61993789672852
30,003    0,000152536420500837    -7,61993789672852
30,088    0,000155034416820854    -6,5943775177002
30,174    0,000155034416820854    -6,5943775177002
30,26    0,000157452712301165    -5,56906986236572
30,346    0,000157452712301165    -5,56906986236572
30,432    0,000160069976118393    -4,5435094833374
30,518    0,000160069976118393    -4,5435094833374
30,604    0,000162686716066673    -3,51820158958435
30,69    0,000162686716066673    -3,51820158958435
30,776    0,00016534305177629    -2,41388773918152
30,862    0,00016534305177629    -2,41388773918152
30,948    0,000168237413163297    -1,3883273601532
31,034    0,000168237413163297    -1,3883273601532
31,12    0,000171092178788967    -0,362767040729523
31,206    0,000171092178788967    -0,362767040729523
31,292    0,000171092178788967    -0,362767040729523
31,378    0,000173907363205217    0,662540912628174
31,474    0,000173907363205217    0,662540912628174
31,565    0,000176801724592224    1,68810129165649
31,655    0,000176801724592224    1,68810129165649
31,745    0,000179854934685864    2,71366167068481
31,835    0,000179854934685864    2,71366167068481
31,926    0,00018294774054084    3,73896956443787
32,016    0,00018294774054084    3,73896956443787
32,106    0,000186040531843901    4,76452970504761
32,196    0,000186040531843901    4,76452970504761
32,286    0,000189132813829929    5,78983783721924
32,376    0,000189132813829929    5,78983783721924
32,467    0,000192344887182117    6,81539821624756
32,557    0,000192344887182117    6,81539821624756
32,647    0,000195714776054956    7,84095859527588
32,737    0,000195714776054956    7,84095859527588
32,827    0,000199124770006165    8,86626625061035
32,918    0,000199124770006165    8,86626625061035
33,008    0,000202693117898889    9,89182662963867
33,098    0,000202693117898889    9,89182662963867
33,188    0,000206341137527488    10,9171352386475
33,278    0,000206341137527488    10,9171352386475
33,368    0,000209988647839054    11,9426956176758
33,459    0,000209988647839054    11,9426956176758
33,549    0,000213715829886496    12,9682559967041
33,639    0,000213715829886496    12,9682559967041
33,729    0,000217561784666032    14,0725688934326
33,819    0,000217561784666032    14,0725688934326
33,909    0,000221447320654988    15,0978775024414
33,999    0,000221447320654988    15,0978775024414
34,089    0,00022525418899022    16,1234378814697
34,179    0,00022525418899022    16,1234378814697
34,27    0,000229100129217841    17,148998260498
34,36    0,000229100129217841    17,148998260498
34,45    0,000229100129217841    17,148998260498
34,54    0,000233025260968134    18,1743068695068
34,631    0,000233025260968134    18,1743068695068
34,721    0,000236910782405175    19,1998672485352
34,811    0,000236910782405175    19,1998672485352
34,901    0,000240876004681922    20,2251739501953
34,992    0,000240876004681922    20,2251739501953
35,082    0,000244959985138848    21,2507343292236
35,172    0,000244959985138848    21,2507343292236
35,262    0,000249241886194795    22,276294708252
35,352    0,000249241886194795    22,276294708252
35,442    0,000253563892329112    23,3016033172607
35,532    0,000253563892329112    23,3016033172607
35,623    0,000257846288150176    24,3271636962891
35,713    0,000257846288150176    24,3271636962891
35,803    0,000262246961938217    25,3524703979492
35,893    0,000262246961938217    25,3524703979492
35,983    0,000266727787675336    26,3780307769775
36,073    0,000266727787675336    26,3780307769775
36,163    0,000271088880253956    27,4035911560059
36,253    0,000271088880253956    27,4035911560059
36,344    0,000275569735094905    28,4288997650146
36,434    0,000275569735094905    28,4288997650146
36,524    0,000280208420008421    29,454460144043
36,614    0,000280208420008421    29,454460144043
36,705    0,000284847599687055    30,4797687530518
36,795    0,000284847599687055    30,4797687530518
36,885    0,000289486808469519    31,5843334197998
36,975    0,000289486808469519    31,5843334197998
37,065    0,000294323923299089    32,6096420288086
37,155    0,000294323923299089    32,6096420288086
37,245    0,000299081875709817    33,6352043151855
37,336    0,000299081875709817    33,6352043151855
37,426    0,000303680979413912    34,5817565917969
37,516    0,000303680979413912    34,5817565917969
37,606    0,000308201415464282    35,6860694885254
37,696    0,000308201415464282    35,6860694885254
37,786    0,000308201415464282    35,6860694885254
37,876    0,000308201415464282    35,6860694885254
37,966    0,000308201415464282    35,6860694885254
38,056    0,000317360536428168    37,7369384765625
38,146    0,000317360536428168    37,7369384765625
38,236    0,000322038802551106    38,7625007629395
38,326    0,000322038802551106    38,7625007629395
38,416    0,000326598848914728    39,7878074645996
38,506    0,000326598848914728    39,7878074645996
38,596    0,000331039598677307    40,7346153259277
38,686    0,000331039598677307    40,7346153259277
38,776    0,000335519929649308    41,7599220275879
38,867    0,000335519929649308    41,7599220275879
38,957    0,000340159138431773    42,7854843139648
39,047    0,000340159138431773    42,7854843139648
39,137    0,00034483740455471    43,810791015625
39,227    0,00034483740455471    43,810791015625
39,318    0,000349476584233344    44,8363494873047
39,408    0,000349476584233344    44,8363494873047
39,498    0,000354155374225229    45,8619117736816
39,588    0,000354155374225229    45,8619117736816
39,678    0,000358834164217114    46,8872184753418
39,768    0,000358834164217114    46,8872184753418
39,858    0,000363512430340052    47,9127807617188
39,948    0,000363512430340052    47,9127807617188
40,038    0,000368230801541358    48,9380874633789
40,128    0,000368230801541358    48,9380874633789
40,218    0,000372711656382307    49,9636497497559
40,308    0,000372711656382307    49,9636497497559
40,398    0,000377033138647676    50,9892082214355
40,488    0,000377033138647676    50,9892082214355
40,578    0,000381196296075359    52,0145149230957
40,668    0,000381196296075359    52,0145149230957
40,758    0,000385240680770949    53,0400772094727
40,848    0,000385240680770949    53,0400772094727
40,938    0,000389602268114686    54,0656356811523
41,028    0,000389602268114686    54,0656356811523
41,118    0,000389602268114686    54,0656356811523
41,208    0,000389602268114686    54,0656356811523
41,298    0,000389602268114686    54,0656356811523
41,388    0,000398047821363434    56,1165046691895
41,478    0,000398047821363434    56,1165046691895
41,568    0,000402250530896708    57,1418151855469
41,658    0,000402250530896708    57,1418151855469
41,748    0,000406175677198917    58,1673736572266
41,838    0,000406175677198917    58,1673736572266
41,928    0,000409863278036937    59,1929359436035
42,018    0,000409863278036937    59,1929359436035
42,108    0,000413868081523106    60,2182426452637
42,198    0,000413868081523106    60,2182426452637
42,288    0,000417436414863914    61,2438011169434
42,379    0,000417436414863914    61,2438011169434
42,469    0,000420489610405639    62,2691116333008
42,559    0,000420489610405639    62,2691116333008
42,649    0,000424097554059699    63,2156639099121
42,739    0,000424097554059699    63,2156639099121
42,828    0,000427309103542939    64,2412261962891
42,918    0,000427309103542939    64,2412261962891
43,008    0,000430599815445021    65,2667846679688
43,097    0,000430599815445021    65,2667846679688
43,188    0,000434129091445357    66,2920913696289
43,277    0,000434129091445357    66,2920913696289
43,368    0,000437380222138017    67,3176574707031
43,457    0,000437380222138017    67,3176574707031
43,548    0,000440473027992994    68,3432159423828
43,638    0,000440473027992994    68,3432159423828
43,728    0,000443327793618664    69,368522644043
43,818    0,000443327793618664    69,368522644043
43,907    0,000446142978034914    70,3940811157227
43,997    0,000446142978034914    70,3940811157227
44,088    0,000448720151325688    71,4193878173828
44,178    0,000448720151325688    71,4193878173828
44,268    0,000448720151325688    71,4193878173828
44,358    0,000448720151325688    71,4193878173828
44,448    0,000448720151325688    71,4193878173828
44,538    0,000453716114861891    73,4705123901367
44,628    0,000453716114861891    73,4705123901367
44,718    0,000455896399216726    74,4958190917969
44,807    0,000455896399216726    74,4958190917969
44,897    0,000457958434708416    75,5213775634766
44,987    0,000457958434708416    75,5213775634766
45,077    0,000459822040284052    76,4679336547852
45,167    0,000459822040284052    76,4679336547852
45,257    0,000461764808278531    77,4934921264648
45,347    0,000461764808278531    77,4934921264648
45,437    0,000463667965959758    78,5188064575195
45,527    0,000463667965959758    78,5188064575195
45,617    0,000465412304038182    79,5443649291992
45,707    0,000465412304038182    79,5443649291992
45,797    0,000467038393253461    80,5696716308594
45,887    0,000467038393253461    80,5696716308594
45,977    0,00046862437739037    81,5952301025391
46,067    0,00046862437739037    81,5952301025391
46,157    0,000470368686364964    82,6207885742188
46,247    0,000470368686364964    82,6207885742188
46,337    0,000471716659376398    83,5673446655273
46,427    0,000471716659376398    83,5673446655273
46,517    0,000472787505714223    84,5926513671875
46,607    0,000472787505714223    84,5926513671875
46,697    0,000473977124784142    85,6182174682617
46,787    0,000473977124784142    85,6182174682617
46,877    0,000475285516586155    86,722526550293
46,967    0,000475285516586155    86,722526550293
47,057    0,000476474611787125    87,7480850219727
47,147    0,000476474611787125    87,7480850219727
47,237    0,000477188674267381    88,7733993530273
47,327    0,000477188674267381    88,7733993530273
47,417    0,000477703812066466    89,798957824707
47,507    0,000477703812066466    89,798957824707
47,597    0,000477703812066466    89,798957824707
47,687    0,000478140282211825    90,8242645263672
47,777    0,000478140282211825    90,8242645263672
47,867    0,000478814268717542    91,8498229980469
47,957    0,000478814268717542    91,8498229980469
48,047    0,000479448644910008    92,8753890991211
48,137    0,000479448644910008    92,8753890991211
48,227    0,000479845009976998    93,8219375610352
48,318    0,000479845009976998    93,8219375610352
48,408    0,000480122631415725    94,8472518920898
48,498    0,000480122631415725    94,8472518920898
48,588    0,00048028098535724    95,8728103637695
48,677    0,00048028098535724    95,8728103637695
48,767    0,000480241375043988    96,8983688354492
48,857    0,000480241375043988    96,8983688354492
48,947    0,00048028098535724    97,9236755371094
49,037    0,00048028098535724    97,9236755371094
49,127    0,00048028098535724    98,9492340087891
49,217    0,00048028098535724    98,9492340087891
49,307    0,00048028098535724    99,9745483398438
49,397    0,00048028098535724    99,9745483398438
49,487    0,000480122631415725    100,921348571777
49,577    0,000480122631415725    100,921348571777
49,667    0,000479924201499671    101,946662902832
49,757    0,000479924201499671    101,946662902832
49,847    0,000479884591186419    102,972221374512
49,937    0,000479884591186419    102,972221374512
50,027    0,000479726266348734    103,997528076172
50,117    0,000479726266348734    103,997528076172
50,207    0,000479488226119429    105,023086547852
50,297    0,000479488226119429    105,023086547852
50,387    0,000479052279843017    106,048652648926
50,477    0,000479052279843017    106,048652648926
50,567    0,000478576228488237    107,073959350586
50,657    0,000478576228488237    107,073959350586
50,747    0,000478576228488237    107,073959350586
50,837    0,000478179863421246    108,020515441895
50,927    0,000478179863421246    108,020515441895
51,018    0,00047790224198252    109,046073913574
51,108    0,00047790224198252    109,046073913574
51,198    0,000477267865790054    110,071380615234
51,288    0,000477267865790054    110,071380615234
51,378    0,000476514716865495    111,096939086914
51,468    0,000476514716865495    111,096939086914
51,557    0,000475959473988041    112,122497558594
51,647    0,000475959473988041    112,122497558594
51,737    0,000475205830298364    113,069053649902
51,827    0,000475205830298364    113,069053649902
51,917    0,000474611530080438    114,094360351563
52,007    0,000474611530080438    114,094360351563
52,097    0,000473937048809603    115,041168212891
52,187    0,000473937048809603    115,041168212891
52,277    0,000472827086923644    116,145484924316
52,367    0,000472827086923644    116,145484924316
52,457    0,000471915089292452    117,170791625977
52,548    0,000471915089292452    117,170791625977
52,638    0,000471161940367892    118,117347717285
52,727    0,000471161940367892    118,117347717285
52,818    0,000470487953862175    119,142906188965
52,908    0,000470487953862175    119,142906188965
52,998    0,000469972321297973    120,168464660645
53,088    0,000469972321297973    120,168464660645
53,177    0,000469099904876202    121,115020751953
53,267    0,000469099904876202    121,115020751953
53,358    0,000468069134512916    122,140327453613
53,448    0,000468069134512916    122,140327453613
53,537    0,000467315490823239    123,165893554688
53,627    0,000467315490823239    123,165893554688
53,718    0,000466522760689259    124,191200256348
53,807    0,000466522760689259    124,191200256348
53,898    0,000466522760689259    124,191200256348
53,987    0,000466522760689259    124,191200256348
54,077    0,000466522760689259    124,191200256348
54,167    0,000464936776552349    126,242317199707
54,257    0,000464936776552349    126,242317199707
54,347    0,000464024749817327    127,267623901367
54,437    0,000464024749817327    127,267623901367
54,527    0,000463073170976713    128,293182373047
54,616    0,000463073170976713    128,293182373047
54,706    0,000462200754554942    129,23974609375
54,796    0,000462200754554942    129,23974609375
54,886    0,000461090821772814    130,26530456543
54,976    0,000461090821772814    130,26530456543
55,066    0,000460019946331158    131,290603637695
55,156    0,000460019946331158    131,290603637695
55,246    0,000459266797406599    132,316177368164
55,336    0,000459266797406599    132,316177368164
55,426    0,000458354799775407    133,262725830078
55,515    0,000458354799775407    133,262725830078
55,605    0,000457363639725372    134,288284301758
55,695    0,000457363639725372    134,288284301758
55,785    0,000456610461696982    135,313598632813
55,875    0,000456610461696982    135,313598632813
55,965    0,000455738045275211    136,339157104492
56,055    0,000455738045275211    136,339157104492
56,145    0,000454905210062861    137,285705566406
56,235    0,000454905210062861    137,285705566406
56,325    0,000454350520158187    138,311019897461
56,415    0,000454350520158187    138,311019897461
56,505    0,000453557266155258    139,336578369141
56,595    0,000453557266155258    139,336578369141
56,685    0,000452566077001393    140,36213684082
56,775    0,000452566077001393    140,36213684082
56,865    0,000451812928076833    141,387451171875
56,955    0,000451812928076833    141,387451171875
57,045    0,000451812928076833    141,387451171875
57,135    0,000451138446805999    142,333999633789
57,224    0,000451138446805999    142,333999633789
57,314    0,000450306135462597    143,359558105469
57,404    0,000450306135462597    143,359558105469
57,494    0,000449394108727574    144,385116577148
57,584    0,000449394108727574    144,385116577148
57,674    0,000448521692305803    145,331680297852
57,764    0,000448521692305803    145,331680297852
57,854    0,000447768543381244    146,278228759766
57,944    0,000447768543381244    146,278228759766
58,034    0,000447094556875527    147,30354309082
58,124    0,000447094556875527    147,30354309082
58,214    0,000446261750767007    148,3291015625
58,304    0,000446261750767007    148,3291015625
58,394    0,000445468496764079    149,35466003418
58,484    0,000445468496764079    149,35466003418
58,574    0,000444754929048941    150,379959106445
58,664    0,000444754929048941    150,379959106445
58,754    0,000444160104962066    151,326522827148
58,844    0,000444160104962066    151,326522827148
58,934    0,000443565309979022    152,352081298828
59,024    0,000443565309979022    152,352081298828
59,114    0,000442812161054462    153,377639770508
59,204    0,000442812161054462    153,377639770508
59,294    0,000442256947280839    154,324203491211
59,384    0,000442256947280839    154,324203491211
59,474    0,000441662123193964    155,349502563477
59,564    0,000441662123193964    155,349502563477
59,654    0,000440869393059984    156,375061035156
59,744    0,000440869393059984    156,375061035156
59,834    0,000440155825344846    157,400619506836
59,924    0,000440155825344846    157,400619506836
60,013    0,000439402152551338    158,347183227539
60,102    0,000439402152551338    158,347183227539
60,192    0,000439402152551338    158,347183227539
60,283    0,000438807357568294    159,372482299805
60,373    0,000438807357568294    159,372482299805
60,463    0,000438213057350367    160,319046020508
60,553    0,000438213057350367    160,319046020508
60,643    0,000437538576079533    161,344604492188
60,733    0,000437538576079533    161,344604492188
60,823    0,000436864589573815    162,370162963867
60,912    0,000436864589573815    162,370162963867
61,003    0,000436389062087983    163,316711425781
61,093    0,000436389062087983    163,316711425781
61,182    0,000435952591942623    164,342025756836
61,272    0,000435952591942623    164,342025756836
61,362    0,000435358291724697    165,367584228516
61,452    0,000435358291724697    165,367584228516
61,542    0,000434723391663283    166,314147949219
61,632    0,000434723391663283    166,314147949219
61,722    0,000434168672654778    167,339706420898
61,812    0,000434168672654778    167,339706420898
61,902    0,000433811888797209    168,365005493164
61,992    0,000433811888797209    168,365005493164
62,082    0,000433534267358482    169,390563964844
62,172    0,000433534267358482    169,390563964844
62,262    0,00043301863479428    170,337127685547
62,352    0,00043301863479428    170,337127685547
62,442    0,000432661850936711    171,362686157227
62,532    0,000432661850936711    171,362686157227
62,622    0,000432503002230078    172,387985229492
62,712    0,000432503002230078    172,387985229492
62,802    0,000432027474744245    173,334548950195
62,892    0,000432027474744245    173,334548950195
62,982    0,000431432650657371    174,360107421875
63,072    0,000431432650657371    174,360107421875
63,162    0,000430996704380959    175,38542175293
63,253    0,000430996704380959    175,38542175293
63,343    0,000430996704380959    175,38542175293
63,433    0,000430996704380959    175,38542175293
63,523    0,000430996704380959    175,38542175293
63,612    0,00043063992052339    177,357528686523
63,702    0,00043063992052339    177,357528686523
63,792    0,000430322717875242    178,383087158203
63,882    0,000430322717875242    178,383087158203
63,972    0,000430005515227094    179,408401489258
64,062    0,000430005515227094    179,408401489258
64,152    0,000429648236604407    180,354949951172
64,242    0,000429648236604407    180,354949951172
64,332    0,000429133098805323    181,380508422852
64,422    0,000429133098805323    181,380508422852
64,512    0,000428657047450542    182,327072143555
64,602    0,000428657047450542    182,327072143555
64,692    0,000428339873906225    183,352630615234
64,782    0,000428339873906225    183,352630615234
64,872    0,000428141938755289    184,3779296875
64,962    0,000428141938755289    184,3779296875
65,052    0,000427943479735404    185,403503417969
65,142    0,000427943479735404    185,403503417969
65,231    0,000427626306191087    186,350051879883
65,321    0,000427626306191087    186,350051879883
65,411    0,000427388265961781    187,375610351563
65,501    0,000427388265961781    187,375610351563
65,591    0,000427110644523054    188,400924682617
65,681    0,000427110644523054    188,400924682617
65,771    0,000427071063313633    189,347473144531
65,861    0,000427071063313633    189,347473144531
65,951    0,000427309103542939    190,373031616211
66,041    0,000427309103542939    190,373031616211
66,131    0,000427269522333518    191,398590087891
66,221    0,000427269522333518    191,398590087891
66,311    0,000427031482104212    192,345153808594
66,4    0,000427031482104212    192,345153808594
66,49    0,000427031482104212    192,345153808594
66,58    0,000427031482104212    192,345153808594
66,67    0,000427031482104212    192,345153808594
66,76    0,000426793470978737    194,396011352539
66,849    0,000426793470978737    194,396011352539
66,939    0,000426476268330589    195,342575073242
67,029    0,000426476268330589    195,342575073242
67,119    0,000425921549322084    196,368133544922
67,209    0,000425921549322084    196,368133544922
67,299    0,000425881968112662    197,393447875977
67,389    0,000425881968112662    197,393447875977
67,479    0,000426040322054178    198,339996337891
67,569    0,000426040322054178    198,339996337891
67,659    0,00042572311940603    199,36555480957
67,749    0,00042572311940603    199,36555480957
67,839    0,00042572311940603    200,39111328125
67,929    0,00042572311940603    200,39111328125
68,019    0,00042572311940603    201,337677001953
68,109    0,00042572311940603    201,337677001953
68,199    0,000425643927883357    202,362976074219
68,289    0,000425643927883357    202,362976074219
68,379    0,00042572311940603    203,388534545898
68,469    0,00042572311940603    203,388534545898
68,559    0,000425524660386145    204,335098266602
68,649    0,000425524660386145    204,335098266602
68,739    0,000425485079176724    205,360656738281
68,829    0,000425485079176724    205,360656738281
68,919    0,000425604346673936    206,385955810547
69,009    0,000425604346673936    206,385955810547
69,099    0,00042572311940603    207,33251953125
69,189    0,00042572311940603    207,33251953125
69,279    0,000425643927883357    208,35807800293
69,369    0,000425643927883357    208,35807800293
69,459    0,000425683538196608    209,304626464844
69,549    0,000425683538196608    209,304626464844
69,639    0,000425683538196608    209,304626464844
69,729    0,00042572311940603    210,330184936523
69,819    0,00042572311940603    210,330184936523
69,909    0,00042572311940603    211,355499267578
69,999    0,00042572311940603    211,355499267578
70,089    0,000425485079176724    212,302047729492
70,179    0,000425485079176724    212,302047729492
70,269    0,000425326754339039    213,327621459961
70,359    0,000425326754339039    213,327621459961
70,449    0,00042536633554846    214,353179931641
70,539    0,00042536633554846    214,353179931641
70,629    0,000425247562816367    215,299728393555
70,719    0,000425247562816367    215,299728393555
70,809    0,00042536633554846    216,325042724609
70,899    0,00042536633554846    216,325042724609
70,989    0,000425167905632406    217,271591186523
71,079    0,000425167905632406    217,271591186523
71,169    0,000425049132900313    218,297149658203
71,259    0,000425049132900313    218,297149658203
71,349    0,000425524660386145    219,322708129883
71,439    0,000425524660386145    219,322708129883
71,529    0,000425643927883357    220,269271850586
71,619    0,000425643927883357    220,269271850586
71,709    0,000425485079176724    221,294570922852
71,799    0,000425485079176724    221,294570922852
71,889    0,000425643927883357    222,320129394531
71,979    0,000425643927883357    222,320129394531
72,069    0,000425921549322084    223,266693115234
72,159    0,000425921549322084    223,266693115234
72,249    0,00042611948447302    224,292251586914
72,339    0,00042611948447302    224,292251586914
72,429    0,000426159065682441    225,317565917969
72,519    0,000426159065682441    225,317565917969
72,608    0,000425921549322084    226,264114379883
72,698    0,000425921549322084    226,264114379883
72,788    0,000425921549322084    226,264114379883
72,878    0,000425921549322084    226,264114379883
72,968    0,000425921549322084    226,264114379883
73,058    0,000426079903263599    228,236221313477
73,148    0,000426079903263599    228,236221313477
73,238    0,000426278333179653    229,261795043945
73,328    0,000426278333179653    229,261795043945
73,418    0,000426516344305128    230,287094116211
73,508    0,000426516344305128    230,287094116211
73,598    0,00042695231968537    231,233657836914
73,688    0,00042695231968537    231,233657836914
73,778    0,000427309103542939    232,259216308594
73,868    0,000427309103542939    232,259216308594
73,958    0,000427309103542939    233,205764770508
74,048    0,000427309103542939    233,205764770508
74,137    0,000427269522333518    234,231323242188
74,227    0,000427269522333518    234,231323242188
74,317    0,000427507533458993    235,256637573242
74,407    0,000427507533458993    235,256637573242
74,497    0,000427705468609929    236,203186035156
74,587    0,000427705468609929    236,203186035156
74,676    0,00042774504981935    237,228744506836
74,766    0,00042774504981935    237,228744506836
74,856    0,000428062252467498    238,175308227539
74,946    0,000428062252467498    238,175308227539
75,036    0,000428379455115646    239,200866699219
75,126    0,000428379455115646    239,200866699219
75,216    0,000428538303822279    240,226165771484
75,306    0,000428538303822279    240,226165771484
75,396    0,000428855506470427    241,172729492188
75,486    0,000428855506470427    241,172729492188
75,576    0,000429093517595902    242,119537353516
75,666    0,000429093517595902    242,119537353516
75,756    0,000429529463872313    243,144836425781
75,846    0,000429529463872313    243,144836425781
75,936    0,000429529463872313    243,144836425781
76,026    0,000429529463872313    243,144836425781
76,116    0,000429529463872313    243,144836425781
76,206    0,000429965439252555    245,116958618164
76,296    0,000429965439252555    245,116958618164
76,386    0,000430124287959188    246,142517089844
76,476    0,000430124287959188    246,142517089844
76,566    0,000430362299084663    247,089065551758
76,656    0,000430362299084663    247,089065551758
76,746    0,000430599815445021    248,114379882813
76,836    0,000430599815445021    248,114379882813
76,925    0,00043063992052339    249,060928344727
77,015    0,00043063992052339    249,060928344727
77,105    0,000430679501732811    250,086502075195
77,195    0,000430679501732811    250,086502075195
77,285    0,000430719082942232    251,112060546875
77,375    0,000430719082942232    251,112060546875
77,465    0,000430837855674326    252,058609008789
77,555    0,000430837855674326    252,058609008789
77,644    0,000431194639531896    253,005157470703
77,734    0,000431194639531896    253,005157470703
77,824    0,000431710272096097    254,030471801758
77,914    0,000431710272096097    254,030471801758
78,004    0,000432146218372509    255,056030273438
78,094    0,000432146218372509    255,056030273438
78,184    0,000432463421020657    256,081604003906
78,273    0,000432463421020657    256,081604003906
78,363    0,000432979053584859    257,106903076172
78,453    0,000432979053584859    257,106903076172
78,543    0,000433256675023586    258,053466796875
78,633    0,000433256675023586    258,053466796875
78,723    0,000433534267358482    259,079010009766
78,813    0,000433534267358482    259,079010009766
78,903    0,000433970242738724    260,025573730469
78,992    0,000433970242738724    260,025573730469
79,082    0,000433970242738724    260,025573730469
79,172    0,000434446294093505    261,051116943359
79,262    0,000434446294093505    261,051116943359
79,351    0,000434921821579337    261,997680664063
79,441    0,000434921821579337    261,997680664063
79,531    0,000435120251495391    263,022979736328
79,62    0,000435120251495391    263,022979736328
79,71    0,000435278605436906    264,048553466797
79,8    0,000435278605436906    264,048553466797
79,89    0,000435556226875633    264,995086669922
79,98    0,000435556226875633    264,995086669922
80,07    0,000435754656791687    266,020660400391
80,16    0,000435754656791687    266,020660400391
80,25    0,000436071859439835    266,967193603516
80,34    0,000436071859439835    266,967193603516
80,43    0,000436586968135089    267,992523193359
80,52    0,000436586968135089    267,992523193359
80,61    0,000436904170783237    268,939056396484
80,7    0,000436904170783237    268,939056396484
80,789    0,000437142211012542    269,964630126953
80,879    0,000437142211012542    269,964630126953
80,969    0,000437538576079533    270,990203857422
81,059    0,000437538576079533    270,990203857422
81,149    0,000438014627434313    271,936737060547
81,239    0,000438014627434313    271,936737060547
81,329    0,000438490154920146    272,962066650391
81,419    0,000438490154920146    272,962066650391
81,509    0,000439005787484348    273,908599853516
81,599    0,000439005787484348    273,908599853516
81,689    0,000439322990132496    274,934173583984
81,779    0,000439322990132496    274,934173583984
81,869    0,000439402152551338    275,880737304688
81,959    0,000439402152551338    275,880737304688
82,049    0,000439402152551338    275,880737304688
82,139    0,000439402152551338    275,880737304688
82,229    0,000439402152551338    275,880737304688
82,319    0,000440353760495782    277,852844238281
82,409    0,000440353760495782    277,852844238281
82,499    0,000440790230641142    278,799377441406
82,589    0,000440790230641142    278,799377441406
82,679    0,000441067822976038    279,824951171875
82,769    0,000441067822976038    279,824951171875
82,859    0,000441543379565701    280,850250244141
82,949    0,000441543379565701    280,850250244141
83,039    0,000441979325842112    281,875823974609
83,129    0,000441979325842112    281,875823974609
83,219    0,000442415795987472    282,822387695313
83,309    0,000442415795987472    282,822387695313
83,399    0,000442971009761095    283,847930908203
83,489    0,000442971009761095    283,847930908203
83,578    0,000443406956037506    284,794494628906
83,668    0,000443406956037506    284,794494628906
83,758    0,000443803321104497    285,819793701172
83,848    0,000443803321104497    285,819793701172
83,938    0,000444318982772529    286,766357421875
84,028    0,000444318982772529    286,766357421875
84,118    0,000444834091467783    287,791900634766
84,208    0,000444834091467783    287,791900634766
84,298    0,000445349724031985    288,817474365234
84,388    0,000445349724031985    288,817474365234
84,478    0,000445785699412227    289,8427734375
84,568    0,000445785699412227    289,8427734375
84,658    0,000446222140453756    290,789337158203
84,748    0,000446222140453756    290,789337158203
84,838    0,000446816964540631    291,735900878906
84,928    0,000446816964540631    291,735900878906
85,018    0,000447371683549136    292,761444091797
85,108    0,000447371683549136    292,761444091797
85,198    0,000447371683549136    292,761444091797
85,288    0,000447371683549136    292,761444091797
85,378    0,000447371683549136    292,761444091797
85,468    0,000448006059741601    294,733581542969
85,558    0,000448006059741601    294,733581542969
85,648    0,000448244099970907    295,758880615234
85,738    0,000448244099970907    295,758880615234
85,828    0,000448521692305803    296,705444335938
85,918    0,000448521692305803    296,705444335938
86,008    0,00044919567881152    297,730987548828
86,098    0,00044919567881152    297,730987548828
86,188    0,000449988932814449    298,677551269531
86,278    0,000449988932814449    298,677551269531
86,368    0,000450385297881439    299,624084472656
86,458    0,000450385297881439    299,624084472656
86,548    0,000450662919320166    300,649658203125
86,638    0,000450662919320166    300,649658203125
86,728    0,000451376487035304    301,674957275391
86,818    0,000451376487035304    301,674957275391
86,908    0,000451971282018349    302,621765136719
86,998    0,000451971282018349    302,621765136719
87,088    0,000452328065875918    303,647094726563
87,178    0,000452328065875918    303,647094726563
87,268    0,000452764536021277    304,593627929688
87,358    0,000452764536021277    304,593627929688
87,448    0,000453121319878846    305,619201660156
87,538    0,000453121319878846    305,619201660156
87,628    0,000453795277280733    306,565765380859
87,718    0,000453795277280733    306,565765380859
87,808    0,000454588036518544    307,512298583984
87,898    0,000454588036518544    307,512298583984
87,988    0,000455182831501588    308,537872314453
88,078    0,000455182831501588    308,537872314453
88,168    0,000455738045275211    309,484436035156
88,258    0,000455738045275211    309,484436035156
88,348    0,00045645161299035    310,509735107422
88,438    0,00045645161299035    310,509735107422
88,527    0,00045645161299035    310,509735107422
88,618    0,000457086018286645    311,456298828125
88,708    0,000457086018286645    311,456298828125
88,798    0,000457284448202699    312,481842041016
88,888    0,000457284448202699    312,481842041016
88,978    0,000457601650850847    313,428405761719
89,068    0,000457601650850847    313,428405761719
89,158    0,000458236056147143    314,453948974609
89,247    0,000458236056147143    314,453948974609
89,338    0,000458632421214134    315,479278564453
89,428    0,000458632421214134    315,479278564453
89,518    0,000459345988929272    316,426086425781
89,607    0,000459345988929272    316,426086425781
89,698    0,000460218405351043    317,372619628906
89,788    0,000460218405351043    317,372619628906
89,878    0,000460773619124666    318,319183349609
89,967    0,000460773619124666    318,319183349609
90,057    0,000461408024420962    319,344482421875
90,147    0,000461408024420962    319,344482421875
90,237    0,000462161173345521    320,291046142578
90,327    0,000462161173345521    320,291046142578
90,417    0,000462874741060659    321,316619873047
90,507    0,000462874741060659    321,316619873047
90,596    0,000463667965959758    322,263153076172
90,686    0,000463667965959758    322,263153076172
90,776    0,000464223208837211    323,288726806641
90,866    0,000464223208837211    323,288726806641
90,956    0,000464540382381529    324,235290527344
91,046    0,000464540382381529    324,235290527344
91,136    0,00046533314161934    325,260589599609
91,226    0,00046533314161934    325,260589599609
91,316    0,000466007128125057    326,207397460938
91,406    0,000466007128125057    326,207397460938
91,496    0,000466721190605313    327,232696533203
91,586    0,000466721190605313    327,232696533203
91,676    0,000466721190605313    327,232696533203
91,766    0,00046739517711103    328,179260253906
91,856    0,00046739517711103    328,179260253906
91,946    0,000467831123387441    329,125793457031
92,036    0,000467831123387441    329,125793457031
92,126    0,000468227488454431    330,1513671875
92,216    0,000468227488454431    330,1513671875
92,306    0,000468703539809212    331,097930908203
92,396    0,000468703539809212    331,097930908203
92,486    0,000469456688733771    332,123474121094
92,576    0,000469456688733771    332,123474121094
92,666    0,000470091094030067    333,070037841797
92,756    0,000470091094030067    333,070037841797
92,846    0,000470805156510323    334,095336914063
92,936    0,000470805156510323    334,095336914063
93,026    0,000471359875518829    335,042144775391
93,116    0,000471359875518829    335,042144775391
93,206    0,000471915089292452    336,067474365234
93,296    0,000471915089292452    336,067474365234
93,386    0,000472747924504802    337,014007568359
93,476    0,000472747924504802    337,014007568359
93,566    0,000473342748591676    337,960571289063
93,656    0,000473342748591676    337,960571289063
93,746    0,000473818276077509    338,986145019531
93,836    0,000473818276077509    338,986145019531
93,926    0,000474531843792647    339,932678222656
94,016    0,000474531843792647    339,932678222656
94,106    0,000475364679004997    340,958251953125
94,196    0,000475364679004997    340,958251953125
94,286    0,000476078246720135    341,90478515625
94,376    0,000476078246720135    341,90478515625
94,466    0,000476633460493758    342,851348876953
94,556    0,000476633460493758    342,851348876953
94,646    0,000477109017083421    343,876647949219
94,736    0,000477109017083421    343,876647949219
94,826    0,000477109017083421    343,876647949219
94,916    0,000477823079563677    344,823455810547
95,006    0,000477823079563677    344,823455810547
95,096    0,000478695001220331    345,77001953125
95,186    0,000478695001220331    345,77001953125
95,276    0,000479448644910008    346,716583251953
95,366    0,000479448644910008    346,716583251953
95,456    0,000480201793834567    347,741882324219
95,546    0,000480201793834567    347,741882324219
95,636    0,000480995047837496    348,688446044922
95,726    0,000480995047837496    348,688446044922
95,816    0,000481787777971476    349,713989257813
95,906    0,000481787777971476    349,713989257813
95,996    0,000482461764477193    350,660552978516
96,086    0,000482461764477193    350,660552978516
96,176    0,000482898234622553    351,607116699219
96,266    0,000482898234622553    351,607116699219
96,356    0,000483730545965955    352,632659912109
96,446    0,000483730545965955    352,632659912109
96,536    0,000484761811094359    353,579223632813
96,626    0,000484761811094359    353,579223632813
96,716    0,000485514989122748    354,604797363281
96,806    0,000485514989122748    354,604797363281
96,896    0,000486228527734056    355,551330566406
96,986    0,000486228527734056    355,551330566406
97,076    0,000487100973259658    356,57666015625
97,166    0,000487100973259658    356,57666015625
97,255    0,000488052552100271    357,523193359375
97,345    0,000488052552100271    357,523193359375
97,435    0,000488766119815409    358,470001220703
97,525    0,000488766119815409    358,470001220703
97,615    0,000489519792608917    359,495330810547
97,704    0,000489519792608917    359,495330810547
97,794    0,000490510952658951    360,520874023438
97,884    0,000490510952658951    360,520874023438
97,974    0,000490510952658951    360,520874023438
98,063    0,000491383369080722    361,467437744141
98,153    0,000491383369080722    361,467437744141
98,243    0,000492096936795861    362,414001464844
98,332    0,000492096936795861    362,414001464844
98,422    0,000492770923301578    363,439544677734
98,512    0,000492770923301578    363,439544677734
98,602    0,000493563653435558    364,386108398438
98,692    0,000493563653435558    364,386108398438
98,782    0,000494356907438487    365,411407470703
98,872    0,000494356907438487    365,411407470703
98,962    0,000495149637572467    366,357971191406
99,052    0,000495149637572467    366,357971191406
99,142    0,000496022053994238    367,304534912109
99,232    0,000496022053994238    367,304534912109
99,321    0,000496973632834852    368,251312255859
99,411    0,000496973632834852    368,251312255859
99,501    0,000497925211675465    369,276641845703
99,591    0,000497925211675465    369,276641845703
99,68    0,000498797686304897    370,223175048828
99,77    0,000498797686304897    370,223175048828
99,86    0,000499194022268057    371,248748779297
99,95    0,000499194022268057    371,248748779297
100,04    0,000500066438689828    372,1953125
100,129    0,000500066438689828    372,1953125
100,219    0,000501692004036158    373,141845703125
100,309    0,000501692004036158    373,141845703125
100,399    0,000502683164086193    374,167419433594
100,488    0,000502683164086193    374,167419433594
100,578    0,000503397255670279    375,113983154297
100,668    0,000503397255670279    375,113983154297
100,758    0,000504388415720314    376,060516357422
100,848    0,000504388415720314    376,060516357422
100,938    0,000504388415720314    376,060516357422
101,027    0,00050541921518743    377,085845947266
101,117    0,00050541921518743    377,085845947266
101,207    0,000506331212818623    378,032653808594
101,297    0,000506331212818623    378,032653808594
101,387    0,000507044780533761    379,057952880859
101,476    0,000507044780533761    379,057952880859
101,566    0,00050779792945832    380,083526611328
101,656    0,00050779792945832    380,083526611328
101,746    0,000508472439832985    381,030059814453
101,836    0,000508472439832985    381,030059814453
101,925    0,000509225588757545    382,055633544922
102,015    0,000509225588757545    382,055633544922
102,105    0,000510415178723633    383,002166748047
102,194    0,000510415178723633    383,002166748047
102,284    0,000511168327648193    383,94873046875
102,374    0,000511168327648193    383,94873046875
102,464    0,000511921476572752    384,974029541016
102,554    0,000511921476572752    384,974029541016
102,643    0,000512952741701156    385,920593261719
102,733    0,000512952741701156    385,920593261719
102,823    0,000513666309416294    386,946166992188
102,913    0,000513666309416294    386,946166992188
103,002    0,000514617888256907    387,892700195313
103,092    0,000514617888256907    387,892700195313
103,182    0,000515609106514603    388,918273925781
103,272    0,000515609106514603    388,918273925781
103,361    0,000516481522936374    389,864837646484
103,451    0,000516481522936374    389,864837646484
103,541    0,000517155509442091    390,811370849609
103,631    0,000517155509442091    390,811370849609
103,721    0,000517988344654441    391,836944580078
103,81    0,000517988344654441    391,836944580078
103,9    0,000517988344654441    391,836944580078
103,99    0,000519177410751581    392,783508300781
104,079    0,000519177410751581    392,783508300781
104,169    0,000520089408382773    393,808807373047
104,259    0,000520089408382773    393,808807373047
104,349    0,00052076339488849    394,75537109375
104,438    0,00052076339488849    394,75537109375
104,528    0,00052159623010084    395,701904296875
104,618    0,00052159623010084    395,701904296875
104,708    0,000522389484103769    396,727478027344
104,798    0,000522389484103769    396,727478027344
104,888    0,000522904621902853    397,674041748047
104,977    0,000522904621902853    397,674041748047
105,067    0,000523816619534045    398,620574951172
105,157    0,000523816619534045    398,620574951172
105,247    0,000525085430126637    399,646148681641
105,337    0,000525085430126637    399,646148681641
105,427    0,000525957846548408    400,592712402344
105,517    0,000525957846548408    400,592712402344
105,607    0,0005268698441796    401,618255615234
105,697    0,0005268698441796    401,618255615234
105,786    0,000527940166648477    402,564819335938
105,876    0,000527940166648477    402,564819335938
105,966    0,000528970966115594    403,511383056641
106,056    0,000528970966115594    403,511383056641
106,146    0,000530041812453419    404,457916259766
106,236    0,000530041812453419    404,457916259766
106,326    0,000530953810084611    405,404479980469
106,416    0,000530953810084611    405,404479980469
106,506    0,000531865283846855    406,430053710938
106,595    0,000531865283846855    406,430053710938
106,685    0,000532777281478047    407,376586914063
106,775    0,000532777281478047    407,376586914063
106,865    0,000532777281478047    407,376586914063
106,955    0,000533728918526322    408,401916503906
107,045    0,000533728918526322    408,401916503906
107,135    0,000534640916157514    409,348571777344
107,225    0,000534640916157514    409,348571777344
107,315    0,000535592494998127    410,295135498047
107,405    0,000535592494998127    410,295135498047
107,495    0,000536425330210477    411,320556640625
107,585    0,000536425330210477    411,320556640625
107,675    0,000537456071469933    412,267242431641
107,765    0,000537456071469933    412,267242431641
107,855    0,000538764463271946    413,213806152344
107,945    0,000538764463271946    413,213806152344
108,035    0,000539835309609771    414,160369873047
108,125    0,000539835309609771    414,160369873047
108,215    0,000541143701411784    415,185791015625
108,305    0,000541143701411784    415,185791015625
108,395    0,000542253605090082    416,132354736328
108,485    0,000542253605090082    416,132354736328
108,575    0,000543364090844989    417,157897949219
108,664    0,000543364090844989    417,157897949219
108,755    0,000544473994523287    418,104461669922
108,844    0,000544473994523287    418,104461669922
108,934    0,000545624061487615    419,129913330078
109,024    0,000545624061487615    419,129913330078
109,114    0,000546971976291388    420,076446533203
109,204    0,000546971976291388    420,076446533203
109,294    0,000548082462046295    421,023010253906
109,384    0,000548082462046295    421,023010253906
109,474    0,000549192365724593    422,048583984375
109,564    0,000549192365724593    422,048583984375
109,654    0,00055030279327184    422,9951171875
109,744    0,00055030279327184    422,9951171875
109,834    0,000551254430320114    424,020568847656
109,923    0,000551254430320114    424,020568847656
110,013    0,000551254430320114    424,020568847656
110,103    0,000552245590370148    424,967102050781
110,193    0,000552245590370148    424,967102050781
110,283    0,000553355494048446    425,913665771484
110,373    0,000553355494048446    425,913665771484
110,463    0,000554703990928829    426,939239501953
110,553    0,000554703990928829    426,939239501953
110,643    0,000555813894607127    427,885772705078
110,733    0,000555813894607127    427,885772705078
110,823    0,000556567567400634    428,832336425781
110,913    0,000556567567400634    428,832336425781
111,003    0,000557439518161118    429,778900146484
111,093    0,000557439518161118    429,778900146484
111,183    0,000558510364498943    430,804321289063
111,273    0,000558510364498943    430,804321289063
111,363    0,000559659849386662    431,751007080078
111,453    0,000559659849386662    431,751007080078
111,543    0,000560651067644358    432,697570800781
111,633    0,000560651067644358    432,697570800781
111,723    0,000561523484066129    433,722991943359
111,813    0,000561523484066129    433,722991943359
111,903    0,000562594330403954    434,669555664063
111,993    0,000562594330403954    434,669555664063
112,083    0,000563902722205967    435,616088867188
112,173    0,000563902722205967    435,616088867188
112,263    0,000565171474590898    436,641662597656
112,353    0,000565171474590898    436,641662597656
112,443    0,000566836621146649    437,588226318359
112,533    0,000566836621146649    437,588226318359
112,623    0,000568145012948662    438,613647460938
112,713    0,000568145012948662    438,613647460938
112,803    0,000569136172998697    439,560211181641
112,893    0,000569136172998697    439,560211181641
112,982    0,000570404983591288    440,506896972656
113,072    0,000570404983591288    440,506896972656
113,162    0,000570404983591288    440,506896972656
113,252    0,000571515411138535    441,453430175781
113,342    0,000571515411138535    441,453430175781
113,432    0,000572744640521705    442,478881835938
113,522    0,000572744640521705    442,478881835938
113,612    0,000574092555325478    443,425445556641
113,703    0,000574092555325478    443,425445556641
113,793    0,000575242622289807    444,371978759766
113,883    0,000575242622289807    444,371978759766
113,973    0,000576273363549262    445,397552490234
114,063    0,000576273363549262    445,397552490234
114,153    0,000577581755351275    446,344116210938
114,243    0,000577581755351275    446,344116210938
114,333    0,000578890147153288    447,290649414063
114,423    0,000578890147153288    447,290649414063
114,512    0,000580238061957061    448,316101074219
114,602    0,000580238061957061    448,316101074219
114,692    0,000581467291340232    449,262634277344
114,782    0,000581467291340232    449,262634277344
114,872    0,000582538137678057    450,209320068359
