sec"    "mA"    "mV
0,716    -0,000151022497448139    -119,00089263916
1,375    -7,30707397451624E-5    -119,00089263916
2,034    -3,94478702219203E-5    -119,00089263916
2,692    -2,69183419732144E-5    -119,00089263916
3,35    -1,69268932950217E-5    -119,00089263916
4,009    -1,18913303595036E-5    -119,00089263916
4,667    -7,01461840435513E-6    -119,00089263916
5,326    -4,19943262386369E-6    -119,00089263916
5,984    -1,22539495350793E-6    -119,00089263916
6,643    1,19291394184984E-6    -119,00089263916
7,302    2,58096747529635E-6    -119,00089263916
7,96    4,40497615272761E-6    -119,00089263916
8,619    5,51491166334017E-6    -119,00089263916
9,677    7,18006822353345E-6    -119,079643249512
10,099    7,97331449575722E-6    -119,00089263916
10,185    1,82819585461402E-5    -118,843132019043
10,271    1,82819585461402E-5    -118,843132019043
10,357    3,06531437672675E-5    -118,133094787598
10,442    3,06531437672675E-5    -118,133094787598
10,528    3,46970227838028E-5    -117,028778076172
10,614    3,46970227838028E-5    -117,028778076172
10,699    3,46970227838028E-5    -117,028778076172
10,785    3,77106480300426E-5    -115,924461364746
10,871    3,77106480300426E-5    -115,924461364746
10,957    3,99706113967113E-5    -114,899154663086
11,042    3,99706113967113E-5    -114,899154663086
11,128    4,18737945437897E-5    -113,794586181641
11,214    4,18737945437897E-5    -113,794586181641
11,3    4,35389483754989E-5    -112,76927947998
11,385    4,35389483754989E-5    -112,76927947998
11,471    4,50853476650082E-5    -111,664970397949
11,557    4,50853476650082E-5    -111,664970397949
11,643    4,66713318019174E-5    -110,639404296875
11,728    4,66713318019174E-5    -110,639404296875
11,814    4,66713318019174E-5    -110,639404296875
11,9    4,80593844258692E-5    -109,535095214844
11,986    4,80593844258692E-5    -109,535095214844
12,071    4,92089056933764E-5    -108,509536743164
12,157    4,92089056933764E-5    -108,509536743164
12,243    5,03193514305167E-5    -107,405220031738
12,329    5,03193514305167E-5    -107,405220031738
12,414    5,13501145178452E-5    -106,379913330078
12,5    5,13501145178452E-5    -106,379913330078
12,586    5,24600472999737E-5    -105,354354858398
12,672    5,24600472999737E-5    -105,354354858398
12,757    5,36496627319138E-5    -104,250038146973
12,843    5,36496627319138E-5    -104,250038146973
12,928    5,36496627319138E-5    -104,250038146973
13,014    5,36496627319138E-5    -104,250038146973
13,099    5,36496627319138E-5    -104,250038146973
13,185    5,55132573936135E-5    -102,120162963867
13,271    5,55132573936135E-5    -102,120162963867
13,356    5,63856774533633E-5    -101,094856262207
13,442    5,63856774533633E-5    -101,094856262207
13,528    5,72976823605131E-5    -100,069297790527
13,614    5,72976823605131E-5    -100,069297790527
13,699    5,82492721150629E-5    -98,9649810791016
13,785    5,82492721150629E-5    -98,9649810791016
13,871    5,92404467170127E-5    -97,9394226074219
13,957    5,92404467170127E-5    -97,9394226074219
14,043    6,01920401095413E-5    -96,8351058959961
14,128    6,01920401095413E-5    -96,8351058959961
14,214    6,01920401095413E-5    -96,8351058959961
14,3    6,09451926720794E-5    -95,8097991943359
14,385    6,09451926720794E-5    -95,8097991943359
14,471    6,17780242464505E-5    -94,7842407226563
14,557    6,17780242464505E-5    -94,7842407226563
14,643    6,26108521828428E-5    -93,6799240112305
14,728    6,26108521828428E-5    -93,6799240112305
14,814    6,33640083833598E-5    -92,6543655395508
14,9    6,33640083833598E-5    -92,6543655395508
14,986    6,42760132905096E-5    -91,6290588378906
15,071    6,42760132905096E-5    -91,6290588378906
15,157    6,51880181976594E-5    -90,5244903564453
15,243    6,51880181976594E-5    -90,5244903564453
15,329    6,51880181976594E-5    -90,5244903564453
15,415    6,60599253023975E-5    -89,4991836547852
15,5    6,60599253023975E-5    -89,4991836547852
15,586    6,68927605147474E-5    -88,4736251831055
15,672    6,68927605147474E-5    -88,4736251831055
15,758    6,76063282298855E-5    -87,4483184814453
15,843    6,76063282298855E-5    -87,4483184814453
15,929    6,83995749568567E-5    -86,34375
16,015    6,83995749568567E-5    -86,34375
16,101    6,93115725880489E-5    -85,3184432983398
16,187    6,93115725880489E-5    -85,3184432983398
16,273    7,02235774951987E-5    -84,2928771972656
16,358    7,02235774951987E-5    -84,2928771972656
16,444    7,02235774951987E-5    -84,2928771972656
16,53    7,10954918758944E-5    -83,1885681152344
16,616    7,10954918758944E-5    -83,1885681152344
16,702    7,18491501174867E-5    -82,1632614135742
16,788    7,18491501174867E-5    -82,1632614135742
16,873    7,26418875274248E-5    -81,0586929321289
16,959    7,26418875274248E-5    -81,0586929321289
17,045    7,3435134254396E-5    -80,0333862304688
17,13    7,3435134254396E-5    -80,0333862304688
17,216    7,42278716643341E-5    -79,0078277587891
17,301    7,42278716643341E-5    -79,0078277587891
17,387    7,51794650568627E-5    -77,9825134277344
17,473    7,51794650568627E-5    -77,9825134277344
17,559    7,51794650568627E-5    -77,9825134277344
17,645    7,51794650568627E-5    -77,9825134277344
17,731    7,51794650568627E-5    -77,9825134277344
17,817    7,70034748711623E-5    -75,8526458740234
17,903    7,70034748711623E-5    -75,8526458740234
17,989    7,77967215981334E-5    -74,8270797729492
18,074    7,77967215981334E-5    -74,8270797729492
18,16    7,85498705226928E-5    -73,8017730712891
18,246    7,85498705226928E-5    -73,8017730712891
18,332    7,93827057350427E-5    -72,6974639892578
18,417    7,93827057350427E-5    -72,6974639892578
18,503    8,03738803369924E-5    -71,6718978881836
18,589    8,03738803369924E-5    -71,6718978881836
18,675    8,15629900898784E-5    -70,6463394165039
18,761    8,15629900898784E-5    -70,6463394165039
18,846    8,15629900898784E-5    -70,6463394165039
18,932    8,24749949970283E-5    -69,6210327148438
19,018    8,24749949970283E-5    -69,6210327148438
19,104    8,32286532386206E-5    -68,516716003418
19,19    8,32286532386206E-5    -68,516716003418
19,275    8,41802393551916E-5    -67,4911575317383
19,361    8,41802393551916E-5    -67,4911575317383
19,447    8,50521537358873E-5    -66,4655990600586
19,533    8,50521537358873E-5    -66,4655990600586
19,619    8,60037471284159E-5    -65,4402923583984
19,705    8,60037471284159E-5    -65,4402923583984
19,79    8,71933589223772E-5    -64,4147262573242
19,876    8,71933589223772E-5    -64,4147262573242
19,962    8,71933589223772E-5    -64,4147262573242
20,048    8,83829707163386E-5    -63,3894195556641
20,133    8,83829707163386E-5    -63,3894195556641
20,219    8,94137338036671E-5    -62,284854888916
20,305    8,94137338036671E-5    -62,284854888916
20,391    9,0246569016017E-5    -61,2595481872559
20,476    9,0246569016017E-5    -61,2595481872559
20,562    9,12377436179668E-5    -60,2339859008789
20,648    9,12377436179668E-5    -60,2339859008789
20,734    9,25065323826857E-5    -59,2086791992188
20,82    9,25065323826857E-5    -59,2086791992188
20,906    9,38544908422045E-5    -58,1831169128418
20,992    9,38544908422045E-5    -58,1831169128418
21,078    9,38544908422045E-5    -58,1831169128418
21,164    9,38544908422045E-5    -58,1831169128418
21,25    9,38544908422045E-5    -58,1831169128418
21,336    9,63128986768425E-5    -56,0532455444336
21,422    9,63128986768425E-5    -56,0532455444336
21,508    9,74629219854251E-5    -55,0279350280762
21,594    9,74629219854251E-5    -55,0279350280762
21,68    9,86520317383111E-5    -53,9236221313477
21,765    9,86520317383111E-5    -53,9236221313477
21,851    9,97624738374725E-5    -52,898063659668
21,937    9,97624738374725E-5    -52,898063659668
22,023    0,000101110432296991    -51,872501373291
22,109    0,000101110432296991    -51,872501373291
22,195    0,000102577658253722    -50,8471946716309
22,281    0,000102577658253722    -50,8471946716309
22,366    0,000102577658253722    -50,8471946716309
22,452    0,000104004793683998    -49,8216323852539
22,538    0,000104004793683998    -49,8216323852539
22,624    0,000105392849945929    -48,7960739135742
22,71    0,000105392849945929    -48,7960739135742
22,796    0,000106819978100248    -47,6917610168457
22,881    0,000106819978100248    -47,6917610168457
22,967    0,000108088766864967    -46,6664505004883
23,053    0,000108088766864967    -46,6664505004883
23,139    0,000109516404336318    -45,6408920288086
23,225    0,000109516404336318    -45,6408920288086
23,311    0,000111300323624164    -44,6155815124512
23,397    0,000111300323624164    -44,6155815124512
23,483    0,000111300323624164    -44,6155815124512
23,569    0,000112846719275694    -43,5900230407715
23,655    0,000112846719275694    -43,5900230407715
23,741    0,000114432703412604    -42,5644607543945
23,827    0,000114432703412604    -42,5644607543945
23,913    0,000116098366561346    -41,460147857666
23,999    0,000116098366561346    -41,460147857666
24,085    0,000117684350698255    -40,4348411560059
24,171    0,000117684350698255    -40,4348411560059
24,257    0,000119349511805922    -39,4092788696289
24,343    0,000119349511805922    -39,4092788696289
24,428    0,000121213102829643    -38,3837203979492
24,514    0,000121213102829643    -38,3837203979492
24,6    0,000123036603326909    -37,3584136962891
24,685    0,000123036603326909    -37,3584136962891
24,771    0,000123036603326909    -37,3584136962891
24,857    0,000124860613141209    -36,2540969848633
24,942    0,000124860613141209    -36,2540969848633
25,028    0,00012672420416493    -35,2285385131836
25,113    0,00012672420416493    -35,2285385131836
25,199    0,000128746658447199    -34,2029762268066
25,285    0,000128746658447199    -34,2029762268066
25,371    0,000130847765831277    -33,1776695251465
25,456    0,000130847765831277    -33,1776695251465
25,542    0,000132988978293724    -32,1521110534668
25,628    0,000132988978293724    -32,1521110534668
25,714    0,000135130176204257    -31,1268005371094
25,799    0,000135130176204257    -31,1268005371094
25,885    0,000135130176204257    -31,1268005371094
25,971    0,000137310969876125    -30,1012401580811
26,057    0,000137310969876125    -30,1012401580811
26,143    0,000139531344757415    -29,0756797790527
26,228    0,000139531344757415    -29,0756797790527
26,314    0,00014175173419062    -28,0503730773926
26,4    0,00014175173419062    -28,0503730773926
26,486    0,00014397210907191    -26,9460582733154
26,571    0,00014397210907191    -26,9460582733154
26,657    0,000146390419104137    -25,9204978942871
26,743    0,000146390419104137    -25,9204978942871
26,829    0,000149086845340207    -24,9739437103271
26,914    0,000149086845340207    -24,9739437103271
27    0,000149086845340207    -24,9739437103271
27,086    0,000151703585288487    -23,9483833312988
27,172    0,000151703585288487    -23,9483833312988
27,257    0,000154161985847168    -22,8440704345703
27,343    0,000154161985847168    -22,8440704345703
27,429    0,000156659982167184    -21,8187618255615
27,515    0,000156659982167184    -21,8187618255615
27,601    0,000159355899086222    -20,7932014465332
27,686    0,000159355899086222    -20,7932014465332
27,772    0,000162250260473229    -19,7676410675049
27,858    0,000162250260473229    -19,7676410675049
27,944    0,000165382647537626    -18,7423324584961
28,029    0,000165382647537626    -18,7423324584961
28,115    0,000165382647537626    -18,7423324584961
28,201    0,000165382647537626    -18,7423324584961
28,287    0,000165382647537626    -18,7423324584961
28,372    0,000171131774550304    -16,6914653778076
28,458    0,000171131774550304    -16,6914653778076
28,544    0,000174184984643944    -15,6659049987793
28,63    0,000174184984643944    -15,6659049987793
28,716    0,000177436115336604    -14,640344619751
28,802    0,000177436115336604    -14,640344619751
28,888    0,000180727351107635    -13,6150360107422
28,974    0,000180727351107635    -13,6150360107422
29,059    0,00018417694082018    -12,5894756317139
29,145    0,00018417694082018    -12,5894756317139
29,231    0,00018778485537041    -11,5641679763794
29,317    0,00018778485537041    -11,5641679763794
29,403    0,00018778485537041    -11,5641679763794
29,488    0,000191274026292376    -10,5386075973511
29,574    0,000191274026292376    -10,5386075973511
29,66    0,000194882450159639    -9,51304721832275
29,746    0,000194882450159639    -9,51304721832275
29,832    0,000198609137441963    -8,48773956298828
29,917    0,000198609137441963    -8,48773956298828
30,004    0,000202495182747953    -7,46217918395996
30,089    0,000202495182747953    -7,46217918395996
30,175    0,000206459895707667    -6,43661880493164
30,261    0,000206459895707667    -6,43661880493164
30,347    0,000210623038583435    -5,41131067276001
30,433    0,000210623038583435    -5,41131067276001
30,519    0,000210623038583435    -5,41131067276001
30,605    0,000214588246308267    -4,38575029373169
30,691    0,000214588246308267    -4,38575029373169
30,777    0,000218790984945372    -3,36044239997864
30,863    0,000218790984945372    -3,36044239997864
30,949    0,000223231734707952    -2,33488202095032
31,035    0,000223231734707952    -2,33488202095032
31,121    0,000227315715164877    -1,309321641922
31,207    0,000227315715164877    -1,309321641922
31,294    0,000231598125537857    -0,284013718366623
31,38    0,000231598125537857    -0,284013718366623
31,466    0,000236157633480616    0,741546630859375
31,562    0,000236157633480616    0,741546630859375
31,652    0,000240836423472501    1,76685464382172
31,743    0,000240836423472501    1,76685464382172
31,833    0,000245435512624681    2,79241490364075
31,923    0,000245435512624681    2,79241490364075
32,013    0,000250391894951463    3,81797528266907
32,103    0,000250391894951463    3,81797528266907
32,194    0,00025550663121976    4,84328317642212
32,284    0,00025550663121976    4,84328317642212
32,374    0,00025550663121976    4,84328317642212
32,464    0,000260225002421066    5,86884355545044
32,554    0,000260225002421066    5,86884355545044
32,644    0,000265459006186575    6,89415168762207
32,735    0,000265459006186575    6,89415168762207
32,825    0,000270851363893598    7,91971206665039
32,915    0,000270851363893598    7,91971206665039
33,006    0,000275926518952474    8,94527244567871
33,096    0,000275926518952474    8,94527244567871
33,186    0,000281199580058455    9,97058010101318
33,276    0,000281199580058455    9,97058010101318
33,366    0,000286552356556058    10,9961404800415
33,456    0,000286552356556058    10,9961404800415
33,546    0,00029230146901682    12,0217008590698
33,636    0,00029230146901682    12,0217008590698
33,726    0,000298368307994679    13,0470085144043
33,816    0,000298368307994679    13,0470085144043
33,906    0,000304157030768692    14,0725688934326
33,996    0,000304157030768692    14,0725688934326
34,086    0,000309866562020034    15,0978775024414
34,176    0,000309866562020034    15,0978775024414
34,266    0,000316012068651617    16,1234378814697
34,356    0,000316012068651617    16,1234378814697
34,446    0,000322276842780411    17,148998260498
34,536    0,000322276842780411    17,148998260498
34,626    0,000328343157889321    18,1743068695068
34,716    0,000328343157889321    18,1743068695068
34,806    0,000334607932018116    19,1998672485352
34,896    0,000334607932018116    19,1998672485352
34,986    0,000341071136062965    20,2251739501953
35,076    0,000341071136062965    20,2251739501953
35,166    0,000347335386322811    21,2507343292236
35,256    0,000347335386322811    21,2507343292236
35,346    0,000353996525518596    22,276294708252
35,436    0,000353996525518596    22,276294708252
35,526    0,000353996525518596    22,276294708252
35,616    0,000353996525518596    22,276294708252
35,706    0,000353996525518596    22,276294708252
35,796    0,000366962020052597    24,2481575012207
35,886    0,000366962020052597    24,2481575012207
35,976    0,000373623159248382    25,273717880249
36,066    0,000373623159248382    25,273717880249
36,156    0,000380522309569642    26,3780307769775
36,246    0,000380522309569642    26,3780307769775
36,336    0,000387143867556006    27,4035911560059
36,426    0,000387143867556006    27,4035911560059
36,516    0,000393527385313064    28,4288997650146
36,606    0,000393527385313064    28,4288997650146
36,696    0,000399990589357913    29,454460144043
36,786    0,000399990589357913    29,454460144043
36,876    0,000406413688324392    30,4010143280029
36,966    0,000406413688324392    30,4010143280029
37,056    0,000413114408729598    31,4265747070313
37,146    0,000413114408729598    31,4265747070313
37,236    0,000419973977841437    32,4518814086914
37,325    0,000419973977841437    32,4518814086914
37,415    0,000426753889769316    33,4774436950684
37,505    0,000426753889769316    33,4774436950684
37,595    0,000433692621299997    34,5027503967285
37,685    0,000433692621299997    34,5027503967285
37,775    0,000440353760495782    35,5283126831055
37,865    0,000440353760495782    35,5283126831055
37,955    0,000447292492026463    36,5538711547852
38,045    0,000447292492026463    36,5538711547852
38,135    0,00045446926378645    37,5791816711426
38,226    0,00045446926378645    37,5791816711426
38,316    0,000461408024420962    38,6047401428223
38,406    0,000461408024420962    38,6047401428223
38,496    0,00046818790724501    39,5512962341309
38,586    0,00046818790724501    39,5512962341309
38,676    0,000474730273708701    40,5768547058105
38,766    0,000474730273708701    40,5768547058105
38,856    0,000474730273708701    40,5768547058105
38,946    0,000481272669276223    41,602165222168
39,036    0,000481272669276223    41,602165222168
39,125    0,000488131714519113    42,6277236938477
39,215    0,000488131714519113    42,6277236938477
39,305    0,000494951731525362    43,6530303955078
39,395    0,000494951731525362    43,6530303955078
39,485    0,000501533679198474    44,6785926818848
39,575    0,000501533679198474    44,6785926818848
39,665    0,000508313591126353    45,6251449584961
39,755    0,000508313591126353    45,6251449584961
39,845    0,000514974701218307    46,7294616699219
39,935    0,000514974701218307    46,7294616699219
40,025    0,000521318637765944    47,6760139465332
40,114    0,000521318637765944    47,6760139465332
40,204    0,000527384981978685    48,7015762329102
40,294    0,000527384981978685    48,7015762329102
40,384    0,000533808604814112    49,7271347045898
40,474    0,000533808604814112    49,7271347045898
40,564    0,000540231703780591    50,7524452209473
40,654    0,000540231703780591    50,7524452209473
40,744    0,000546416791621596    51,778003692627
40,834    0,000546416791621596    51,778003692627
40,924    0,000552403915207833    52,8033103942871
41,014    0,000552403915207833    52,8033103942871
41,104    0,000558430678211153    53,8288726806641
41,194    0,000558430678211153    53,8288726806641
41,284    0,000564378220587969    54,8544311523438
41,374    0,000564378220587969    54,8544311523438
41,464    0,000569969008211046    55,8797416687012
41,554    0,000569969008211046    55,8797416687012
41,644    0,000575321784708649    56,8262939453125
41,734    0,000575321784708649    56,8262939453125
41,824    0,00058063497999683    57,8518562316895
41,914    0,00058063497999683    57,8518562316895
42,004    0,00058063497999683    57,8518562316895
42,094    0,000585789268370718    58,8774147033691
42,184    0,000585789268370718    58,8774147033691
42,274    0,000590468058362603    59,9027252197266
42,364    0,000590468058362603    59,9027252197266
42,454    0,000594987999647856    60,9282836914063
42,544    0,000594987999647856    60,9282836914063
42,634    0,000599706370849162    61,8748397827148
42,725    0,000599706370849162    61,8748397827148
42,814    0,000604503904469311    62,900146484375
42,904    0,000604503904469311    62,900146484375
42,995    0,000608905043918639    63,925708770752
43,085    0,000608905043918639    63,925708770752
43,174    0,000612790579907596    64,9512710571289
43,264    0,000612790579907596    64,9512710571289
43,354    0,000616874545812607    65,9765777587891
43,443    0,000616874545812607    65,9765777587891
43,533    0,000620958569925278    67,0021362304688
43,623    0,000620958569925278    67,0021362304688
43,713    0,000624646141659468    67,9486923217773
43,803    0,000624646141659468    67,9486923217773
43,893    0,000628412934020162    68,974250793457
43,983    0,000628412934020162    68,974250793457
44,073    0,000631902075838298    69,9995574951172
44,163    0,000631902075838298    69,9995574951172
44,253    0,00063519284594804    71,0251159667969
44,343    0,00063519284594804    71,0251159667969
44,433    0,000638443976640701    71,9716720581055
44,523    0,000638443976640701    71,9716720581055
44,613    0,000641497143078595    72,9972305297852
44,703    0,000641497143078595    72,9972305297852
44,793    0,000644391519017518    74,0225448608398
44,883    0,000644391519017518    74,0225448608398
44,973    0,000647008302621543    75,0481033325195
45,063    0,000647008302621543    75,0481033325195
45,153    0,000647008302621543    75,0481033325195
45,243    0,000649347901344299    76,0734100341797
45,333    0,000649347901344299    76,0734100341797
45,423    0,000651251117233187    77,0989685058594
45,513    0,000651251117233187    77,0989685058594
45,603    0,000653471506666392    78,045524597168
45,693    0,000653471506666392    78,045524597168
45,783    0,000655731419101357    79,0710830688477
45,873    0,000655731419101357    79,0710830688477
45,963    0,000657198659610003    80,0963973999023
46,053    0,000657198659610003    80,0963973999023
46,143    0,000658704957459122    81,121955871582
46,233    0,000658704957459122    81,121955871582
46,323    0,000660410209093243    82,0685119628906
46,413    0,000660410209093243    82,0685119628906
46,503    0,000661797763314098    83,0940704345703
46,593    0,000661797763314098    83,0940704345703
46,683    0,000663026992697269    84,1193771362305
46,773    0,000663026992697269    84,1193771362305
46,863    0,000664177001453936    85,1449356079102
46,953    0,000664177001453936    85,1449356079102
47,043    0,000665207742713392    86,0914916992188
47,133    0,000665207742713392    86,0914916992188
47,223    0,000666080159135163    87,1170501708984
47,313    0,000666080159135163    87,1170501708984
47,403    0,000666872947476804    88,1423568725586
47,493    0,000666872947476804    88,1423568725586
47,583    0,000667428132146597    89,1679229736328
47,673    0,000667428132146597    89,1679229736328
47,763    0,000667943793814629    90,193229675293
47,853    0,000667943793814629    90,193229675293
47,943    0,000668340129777789    91,2187881469727
48,033    0,000668340129777789    91,2187881469727
48,123    0,00066837971098721    92,1653442382813
48,213    0,00066837971098721    92,1653442382813
48,303    0,00066837971098721    92,1653442382813
48,393    0,00066837971098721    92,1653442382813
48,483    0,00066837971098721    92,1653442382813
48,573    0,000668498512823135    94,2162094116211
48,663    0,000668498512823135    94,2162094116211
48,753    0,000668300548568368    95,2417755126953
48,843    0,000668300548568368    95,2417755126953
48,933    0,00066790368873626    96,1883239746094
49,023    0,00066790368873626    96,1883239746094
49,113    0,000667428132146597    97,2138900756836
49,203    0,000667428132146597    97,2138900756836
49,293    0,000666912528686225    98,2391967773438
49,383    0,000666912528686225    98,2391967773438
49,473    0,000666317704599351    99,2647552490234
49,563    0,000666317704599351    99,2647552490234
49,653    0,000665564555674791    100,211311340332
49,743    0,000665564555674791    100,211311340332
49,833    0,000664652558043599    101,236869812012
49,923    0,000664652558043599    101,236869812012
50,013    0,000663820188492537    102,262176513672
50,102    0,000663820188492537    102,262176513672
50,192    0,00066306657390669    103,287742614746
50,282    0,00066306657390669    103,287742614746
50,372    0,000662114995066077    104,23429107666
50,462    0,000662114995066077    104,23429107666
50,552    0,000660925346892327    105,25959777832
50,642    0,000660925346892327    105,25959777832
50,732    0,000659775803796947    106,285163879395
50,822    0,000659775803796947    106,285163879395
50,912    0,000658704957459122    107,310722351074
51,002    0,000658704957459122    107,310722351074
51,092    0,000657436205074191    108,336029052734
51,182    0,000657436205074191    108,336029052734
51,273    0,000656088232062757    109,282585144043
51,363    0,000656088232062757    109,282585144043
51,453    0,000656088232062757    109,282585144043
51,543    0,000656088232062757    109,282585144043
51,634    0,000656088232062757    109,282585144043
51,724    0,000653471506666392    111,333702087402
51,814    0,000653471506666392    111,333702087402
51,904    0,000651964684948325    112,280258178711
51,994    0,000651964684948325    112,280258178711
52,084    0,000650497444439679    113,305564880371
52,174    0,000650497444439679    113,305564880371
52,264    0,00064895156538114    114,331130981445
52,354    0,00064895156538114    114,331130981445
52,444    0,000647246313747019    115,356689453125
52,534    0,000647246313747019    115,356689453125
52,624    0,000645779073238373    116,303245544434
52,714    0,000645779073238373    116,303245544434
52,804    0,000644312356598675    117,328552246094
52,894    0,000644312356598675    117,328552246094
52,984    0,000642647210042924    118,354110717773
53,074    0,000642647210042924    118,354110717773
53,164    0,000640981539618224    119,379417419434
53,254    0,000640981539618224    119,379417419434
53,343    0,000639435136690736    120,326225280762
53,433    0,000639435136690736    120,326225280762
53,523    0,000637690827716142    121,351531982422
53,613    0,000637690827716142    121,351531982422
53,703    0,0006359459948726    122,377098083496
53,793    0,0006359459948726    122,377098083496
53,883    0,000634400057606399    123,402404785156
53,973    0,000634400057606399    123,402404785156
54,063    0,00063273444538936    124,427963256836
54,153    0,00063273444538936    124,427963256836
54,243    0,000631148461252451    125,374519348145
54,333    0,000631148461252451    125,374519348145
54,423    0,000629483256489038    126,400077819824
54,513    0,000629483256489038    126,400077819824
54,603    0,000627698842436075    127,425384521484
54,693    0,000627698842436075    127,425384521484
54,783    0,000627698842436075    127,425384521484
54,873    0,000625954533461481    128,450942993164
54,963    0,000625954533461481    128,450942993164
55,053    0,00062428938690573    129,397506713867
55,143    0,00062428938690573    129,397506713867
55,233    0,000622544554062188    130,423065185547
55,322    0,000622544554062188    130,423065185547
55,412    0,0006206413381733    131,448364257813
55,502    0,0006206413381733    131,448364257813
55,592    0,000618936610408127    132,473922729492
55,682    0,000618936610408127    132,473922729492
55,772    0,000617311045061797    133,420486450195
55,862    0,000617311045061797    133,420486450195
55,951    0,000615487049799412    134,446044921875
56,041    0,000615487049799412    134,446044921875
56,131    0,000613702577538788    135,47135925293
56,221    0,000613702577538788    135,47135925293
56,311    0,000611918163485825    136,496917724609
56,401    0,000611918163485825    136,496917724609
56,491    0,000610253016930074    137,443466186523
56,581    0,000610253016930074    137,443466186523
56,671    0,000608865462709218    138,469024658203
56,761    0,000608865462709218    138,469024658203
56,851    0,000607239897362888    139,494338989258
56,941    0,000607239897362888    139,494338989258
57,031    0,000605653913225979    140,519897460938
57,121    0,000605653913225979    140,519897460938
57,211    0,000604226312134415    141,466445922852
57,301    0,000604226312134415    141,466445922852
57,391    0,000602640327997506    142,491760253906
57,481    0,000602640327997506    142,491760253906
57,571    0,000600975123234093    143,517318725586
57,661    0,000600975123234093    143,517318725586
57,751    0,000599309976678342    144,542877197266
57,841    0,000599309976678342    144,542877197266
57,931    0,000599309976678342    144,542877197266
58,021    0,000597723992541432    145,489440917969
58,111    0,000597723992541432    145,489440917969
58,201    0,000596138008404523    146,514739990234
58,291    0,000596138008404523    146,514739990234
58,381    0,000594552024267614    147,540298461914
58,471    0,000594552024267614    147,540298461914
58,561    0,000593005621340126    148,486862182617
58,651    0,000593005621340126    148,486862182617
58,741    0,000591498799622059    149,512420654297
58,831    0,000591498799622059    149,512420654297
58,921    0,000590031617321074    150,537719726563
59,011    0,000590031617321074    150,537719726563
59,101    0,000588525319471955    151,484283447266
59,191    0,000588525319471955    151,484283447266
59,281    0,00058705807896331    152,509841918945
59,371    0,00058705807896331    152,509841918945
59,461    0,000585551257245243    153,535400390625
59,551    0,000585551257245243    153,535400390625
59,641    0,000584084540605545    154,56071472168
59,731    0,000584084540605545    154,56071472168
59,821    0,000582894950639457    155,507263183594
59,911    0,000582894950639457    155,507263183594
60    0,000581586558837444    156,532821655273
60,09    0,000581586558837444    156,532821655273
60,18    0,000580238061957061    157,558380126953
60,27    0,000580238061957061    157,558380126953
60,36    0,000579008890781552    158,504943847656
60,45    0,000579008890781552    158,504943847656
60,54    0,00057781976647675    159,530242919922
60,63    0,00057781976647675    159,530242919922
60,719    0,000576709338929504    160,555801391602
60,809    0,000576709338929504    160,555801391602
60,899    0,000575599377043545    161,502365112305
60,989    0,000575599377043545    161,502365112305
61,079    0,000575599377043545    161,502365112305
61,17    0,000574211357161403    162,527923583984
61,26    0,000574211357161403    162,527923583984
61,349    0,000572863384149969    163,55322265625
61,439    0,000572863384149969    163,55322265625
61,529    0,000571594573557377    164,499786376953
61,619    0,000571594573557377    164,499786376953
61,709    0,000570365402381867    165,525344848633
61,799    0,000570365402381867    165,525344848633
61,889    0,000569255440495908    166,550903320313
61,979    0,000569255440495908    166,550903320313
62,069    0,00056806585052982    167,497467041016
62,159    0,00056806585052982    167,497467041016
62,249    0,000566797039937228    168,522766113281
62,339    0,000566797039937228    168,522766113281
62,429    0,000565726717468351    169,548324584961
62,519    0,000565726717468351    169,548324584961
62,609    0,00056477461475879    170,573638916016
62,699    0,00056477461475879    170,573638916016
62,789    0,000563902722205967    171,520446777344
62,879    0,000563902722205967    171,520446777344
62,969    0,000562951085157692    172,545745849609
63,059    0,000562951085157692    172,545745849609
63,149    0,000561999506317079    173,571304321289
63,239    0,000561999506317079    173,571304321289
63,329    0,000561087508685887    174,517868041992
63,419    0,000561087508685887    174,517868041992
63,509    0,000560175511054695    175,543167114258
63,599    0,000560175511054695    175,543167114258
63,689    0,000559303094632924    176,489974975586
63,779    0,000559303094632924    176,489974975586
63,869    0,000558034284040332    177,515289306641
63,959    0,000558034284040332    177,515289306641
64,049    0,000556567567400634    178,54084777832
64,139    0,000556567567400634    178,54084777832
64,229    0,000556567567400634    178,54084777832
64,319    0,000556051963940263    179,487411499023
64,409    0,000556051963940263    179,487411499023
64,499    0,000555655569769442    180,512969970703
64,588    0,000555655569769442    180,512969970703
64,678    0,000554862315766513    181,538269042969
64,768    0,000554862315766513    181,538269042969
64,858    0,000553950318135321    182,563827514648
64,948    0,000553950318135321    182,563827514648
65,038    0,000553197169210762    183,510391235352
65,128    0,000553197169210762    183,510391235352
65,218    0,000552641926333308    184,535690307617
65,308    0,000552641926333308    184,535690307617
65,398    0,000551888777408749    185,561248779297
65,488    0,000551888777408749    185,561248779297
65,578    0,000551016360986978    186,586822509766
65,668    0,000551016360986978    186,586822509766
65,758    0,000550104363355786    187,53337097168
65,848    0,000550104363355786    187,53337097168
65,938    0,000549430376850069    188,558685302734
66,028    0,000549430376850069    188,558685302734
66,118    0,000548914773389697    189,505233764648
66,207    0,000548914773389697    189,505233764648
66,297    0,000548478798009455    190,530792236328
66,387    0,000548478798009455    190,530792236328
66,477    0,000548002775758505    191,556350708008
66,567    0,000548002775758505    191,556350708008
66,657    0,00054744805675    192,502914428711
66,747    0,00054744805675    192,502914428711
66,837    0,000546733965165913    193,528213500977
66,926    0,000546733965165913    193,528213500977
67,016    0,000545822491403669    194,553771972656
67,106    0,000545822491403669    194,553771972656
67,196    0,000544989656191319    195,500335693359
67,286    0,000544989656191319    195,500335693359
67,376    0,000544989656191319    195,500335693359
67,466    0,000544276088476181    196,525894165039
67,556    0,000544276088476181    196,525894165039
67,646    0,000544117239769548    197,551193237305
67,736    0,000544117239769548    197,551193237305
67,826    0,000544038077350706    198,497756958008
67,916    0,000544038077350706    198,497756958008
68,006    0,000543482834473252    199,523315429688
68,096    0,000543482834473252    199,523315429688
68,186    0,000542967696674168    200,548873901367
68,275    0,000542967696674168    200,548873901367
68,365    0,000542491674423218    201,495422363281
68,455    0,000542491674423218    201,495422363281
68,545    0,000542016117833555    202,520736694336
68,635    0,000542016117833555    202,520736694336
68,725    0,000541460874956101    203,46728515625
68,815    0,000541460874956101    203,46728515625
68,905    0,000540667620953172    204,492858886719
68,995    0,000540667620953172    204,492858886719
69,085    0,000539954053238034    205,518417358398
69,175    0,000539954053238034    205,518417358398
69,265    0,000539874890819192    206,464965820313
69,355    0,000539874890819192    206,464965820313
69,445    0,000539716042112559    207,490280151367
69,535    0,000539716042112559    207,490280151367
69,625    0,000539240485522896    208,515838623047
69,714    0,000539240485522896    208,515838623047
69,804    0,000538962893188    209,462387084961
69,894    0,000538962893188    209,462387084961
69,984    0,000538685300853103    210,487945556641
70,074    0,000538685300853103    210,487945556641
70,164    0,000538011314347386    211,434509277344
70,254    0,000538011314347386    211,434509277344
70,344    0,00053737690905109    212,459808349609
70,434    0,00053737690905109    212,459808349609
70,524    0,00053737690905109    212,459808349609
70,614    0,000537495652679354    213,485366821289
70,704    0,000537495652679354    213,485366821289
70,794    0,000537535233888775    214,431930541992
70,884    0,000537535233888775    214,431930541992
70,974    0,000537297746632248    215,457489013672
71,064    0,000537297746632248    215,457489013672
71,154    0,000537059735506773    216,482803344727
71,244    0,000537059735506773    216,482803344727
71,334    0,00053690088680014    217,429351806641
71,424    0,00053690088680014    217,429351806641
71,514    0,000536544073838741    218,45491027832
71,604    0,000536544073838741    218,45491027832
71,694    0,00053610815666616    219,48046875
71,784    0,00053610815666616    219,48046875
71,874    0,000535711762495339    220,427032470703
71,964    0,000535711762495339    220,427032470703
72,054    0,000535354949533939    221,452331542969
72,144    0,000535354949533939    221,452331542969
72,234    0,000535156519617885    222,398895263672
72,324    0,000535156519617885    222,398895263672
72,414    0,000535116938408464    223,424453735352
72,504    0,000535116938408464    223,424453735352
72,594    0,000535235740244389    224,450012207031
72,684    0,000535235740244389    224,450012207031
72,774    0,000534997670911252    225,396560668945
72,864    0,000534997670911252    225,396560668945
72,954    0,000534640916157514    226,421875
73,044    0,000534640916157514    226,421875
73,134    0,000534561753738672    227,368682861328
73,224    0,000534561753738672    227,368682861328
73,314    0,00053452217252925    228,393981933594
73,404    0,00053452217252925    228,393981933594
73,494    0,000533848186023533    229,419540405273
73,584    0,000533848186023533    229,419540405273
73,674    0,000533848186023533    229,419540405273
73,764    0,000533570535480976    230,366104125977
73,854    0,000533570535480976    230,366104125977
73,944    0,000533927348442376    231,391403198242
74,034    0,000533927348442376    231,391403198242
74,124    0,000533213780727237    232,33821105957
74,214    0,000533213780727237    232,33821105957
74,304    0,000533094513230026    233,363525390625
74,394    0,000533094513230026    233,363525390625
74,484    0,000532975769601762    234,389083862305
74,574    0,000532975769601762    234,389083862305
74,664    0,000532975769601762    235,335647583008
74,754    0,000532975769601762    235,335647583008
74,844    0,000533451791852713    236,360946655273
74,934    0,000533451791852713    236,360946655273
75,024    0,000532698119059205    237,307754516602
75,114    0,000532698119059205    237,307754516602
75,204    0,000532856967765838    238,333068847656
75,294    0,000532856967765838    238,333068847656
75,384    0,000533015350811183    239,27961730957
75,474    0,000533015350811183    239,27961730957
75,564    0,000532777281478047    240,30517578125
75,654    0,000532777281478047    240,30517578125
75,744    0,000533213780727237    241,330490112305
75,834    0,000533213780727237    241,330490112305
75,924    0,000533015350811183    242,277297973633
76,014    0,000533015350811183    242,277297973633
76,104    0,000532579375430942    243,302597045898
76,194    0,000532579375430942    243,302597045898
76,284    0,000532975769601762    244,249160766602
76,374    0,000532975769601762    244,249160766602
76,464    0,000533411686774343    245,274719238281
76,554    0,000533411686774343    245,274719238281
76,644    0,000533332524355501    246,221267700195
76,734    0,000533332524355501    246,221267700195
76,824    0,000533332524355501    246,221267700195
76,914    0,000533411686774343    247,246826171875
77,004    0,000533411686774343    247,246826171875
77,093    0,000533411686774343    248,193389892578
77,183    0,000533411686774343    248,193389892578
77,273    0,000533411686774343    249,218688964844
77,363    0,000533411686774343    249,218688964844
77,453    0,000533451791852713    250,244247436523
77,543    0,000533451791852713    250,244247436523
77,633    0,000533610116690397    251,190811157227
77,723    0,000533610116690397    251,190811157227
77,813    0,000533887767232955    252,216369628906
77,903    0,000533887767232955    252,216369628906
77,993    0,000534086197149009    253,16291809082
78,083    0,000534086197149009    253,16291809082
78,173    0,000534244521986693    254,188232421875
78,263    0,000534244521986693    254,188232421875
78,353    0,000534403370693326    255,134780883789
78,442    0,000534403370693326    255,134780883789
78,532    0,000534482533112168    256,160339355469
78,622    0,000534482533112168    256,160339355469
78,712    0,00053452217252925    257,185913085938
78,801    0,00053452217252925    257,185913085938
78,891    0,000534720602445304    258,132446289063
78,981    0,000534720602445304    258,132446289063
79,071    0,000534878927282989    259,157775878906
79,16    0,000534878927282989    259,157775878906
79,25    0,000535116938408464    260,104583740234
79,34    0,000535116938408464    260,104583740234
79,43    0,00053527532145381    261,1298828125
79,519    0,00053527532145381    261,1298828125
79,609    0,000535235740244389    262,076446533203
79,699    0,000535235740244389    262,076446533203
79,789    0,000535235740244389    262,076446533203
79,878    0,000535235740244389    262,076446533203
79,968    0,000535235740244389    262,076446533203
80,058    0,00053575134370476    264,127319335938
80,148    0,00053575134370476    264,127319335938
80,237    0,000535909668542445    265,074096679688
80,327    0,000535909668542445    265,074096679688
80,417    0,000536187319085002    266,099395751953
80,507    0,000536187319085002    266,099395751953
80,597    0,000536306586582214    267,045959472656
80,687    0,000536306586582214    267,045959472656
80,777    0,000536226900294423    268,071533203125
80,867    0,000536226900294423    268,071533203125
80,957    0,000536544073838741    269,01806640625
81,047    0,000536544073838741    269,01806640625
81,137    0,000536940933670849    270,043640136719
81,226    0,000536940933670849    270,043640136719
81,316    0,000537178479135036    271,068939208984
81,406    0,000537178479135036    271,068939208984
81,496    0,000537337327841669    272,015502929688
81,585    0,000537337327841669    272,015502929688
81,675    0,000537535233888775    273,041046142578
81,765    0,000537535233888775    273,041046142578
81,855    0,000537852465640754    273,987609863281
81,945    0,000537852465640754    273,987609863281
82,035    0,000538050895556808    275,01318359375
82,124    0,000538050895556808    275,01318359375
82,214    0,000538368069101125    275,959716796875
82,304    0,000538368069101125    275,959716796875
82,394    0,000538606138434261    276,985046386719
82,484    0,000538606138434261    276,985046386719
82,574    0,000538724882062525    277,931579589844
82,664    0,000538724882062525    277,931579589844
82,754    0,000538962893188    278,957153320313
82,844    0,000538962893188    278,957153320313
82,934    0,000538962893188    278,957153320313
83,024    0,000539200904313475    279,903717041016
83,114    0,000539200904313475    279,903717041016
83,204    0,000539319706149399    280,929260253906
83,294    0,000539319706149399    280,929260253906
83,384    0,000539557717274874    281,95458984375
83,474    0,000539557717274874    281,95458984375
83,564    0,000540033273864537    282,980133056641
83,654    0,000540033273864537    282,980133056641
83,744    0,00054058845853433    283,926696777344
83,834    0,00054058845853433    283,926696777344
83,924    0,00054094527149573    284,952239990234
84,014    0,00054094527149573    284,952239990234
84,103    0,000541222863830626    285,898803710938
84,193    0,000541222863830626    285,898803710938
84,283    0,000541579676792026    286,924102783203
84,373    0,000541579676792026    286,924102783203
84,463    0,000541936431545764    287,870666503906
84,553    0,000541936431545764    287,870666503906
84,643    0,000542095280252397    288,896240234375
84,732    0,000542095280252397    288,896240234375
84,822    0,000542253605090082    289,921783447266
84,912    0,000542253605090082    289,921783447266
85,002    0,000542769266758114    290,868347167969
85,092    0,000542769266758114    290,868347167969
85,182    0,000543205242138356    291,814910888672
85,272    0,000543205242138356    291,814910888672
85,362    0,000543561996892095    292,840209960938
85,452    0,000543561996892095    292,840209960938
85,542    0,000543919275514781    293,865753173828
85,632    0,000543919275514781    293,865753173828
85,722    0,000543958856724203    294,812316894531
85,812    0,000543958856724203    294,812316894531
85,902    0,00054419640218839    295,837890625
85,992    0,00054419640218839    295,837890625
86,082    0,00054419640218839    295,837890625
86,172    0,000544593262020499    296,784423828125
86,262    0,000544593262020499    296,784423828125
86,352    0,000544791226275265    297,809997558594
86,442    0,000544791226275265    297,809997558594
86,532    0,000545068818610162    298,756561279297
86,622    0,000545068818610162    298,756561279297
86,712    0,0005454255733639    299,781860351563
86,802    0,0005454255733639    299,781860351563
86,892    0,000545901653822511    300,728424072266
86,982    0,000545901653822511    300,728424072266
87,072    0,000546496477909386    301,674957275391
87,162    0,000546496477909386    301,674957275391
87,252    0,000546971976291388    302,700531005859
87,342    0,000546971976291388    302,700531005859
87,432    0,000547408475540578    303,72607421875
87,522    0,000547408475540578    303,72607421875
87,612    0,000547804811503738    304,672637939453
87,702    0,000547804811503738    304,672637939453
87,792    0,000548042880836874    305,697937011719
87,882    0,000548042880836874    305,697937011719
87,972    0,000548518379218876    306,644500732422
88,062    0,000548518379218876    306,644500732422
88,152    0,000549231946934015    307,670074462891
88,242    0,000549231946934015    307,670074462891
88,332    0,000549826771020889    308,616607666016
88,422    0,000549826771020889    308,616607666016
88,512    0,000550223630852997    309,642181396484
88,602    0,000550223630852997    309,642181396484
88,692    0,000550620025023818    310,588745117188
88,782    0,000550620025023818    310,588745117188
88,872    0,000550937198568136    311,614288330078
88,962    0,000550937198568136    311,614288330078
89,052    0,000551175209693611    312,639617919922
89,142    0,000551175209693611    312,639617919922
89,232    0,000551175209693611    312,639617919922
89,322    0,000550738768652081    313,586151123047
89,412    0,000550738768652081    313,586151123047
89,501    0,00055069918744266    314,53271484375
89,591    0,00055069918744266    314,53271484375
89,681    0,000552166427951306    315,558258056641
89,771    0,000552166427951306    315,558258056641
89,861    0,000553276331629604    316,583831787109
89,951    0,000553276331629604    316,583831787109
90,041    0,000553712830878794    317,530395507813
90,131    0,000553712830878794    317,530395507813
90,221    0,000554426398593932    318,555694580078
90,311    0,000554426398593932    318,555694580078
90,401    0,000554901896975935    319,502258300781
90,491    0,000554901896975935    319,502258300781
90,581    0,000555219128727913    320,527801513672
90,671    0,000555219128727913    320,527801513672
90,76    0,000555615988560021    321,474365234375
90,85    0,000555615988560021    321,474365234375
90,94    0,000556131126359105    322,499938964844
91,03    0,000556131126359105    322,499938964844
91,12    0,000556686369236559    323,446472167969
91,21    0,000556686369236559    323,446472167969
91,3    0,000557281135115772    324,471801757813
91,39    0,000557281135115772    324,471801757813
91,48    0,000557836377993226    325,497344970703
91,57    0,000557836377993226    325,497344970703
91,66    0,000558549945708364    326,443908691406
91,75    0,000558549945708364    326,443908691406
91,84    0,000559025502298027    327,469451904297
91,929    0,000559025502298027    327,469451904297
92,019    0,000558906700462103    328,416015625
92,109    0,000558906700462103    328,416015625
92,199    0,000558906700462103    328,416015625
92,288    0,000558906700462103    328,416015625
92,378    0,000558906700462103    328,416015625
92,468    0,000560215092264116    330,388122558594
92,558    0,000560215092264116    330,388122558594
92,648    0,000561245833523571    331,413452148438
92,738    0,000561245833523571    331,413452148438
92,828    0,00056156306527555    332,359985351563
92,918    0,00056156306527555    332,359985351563
93,008    0,000562118249945343    333,306549072266
93,098    0,000562118249945343    333,306549072266
93,188    0,000562673492822796    334,332122802734
93,278    0,000562673492822796    334,332122802734
93,368    0,00056318863062188    335,357666015625
93,458    0,00056318863062188    335,357666015625
93,548    0,000563743815291673    336,304229736328
93,637    0,000563743815291673    336,304229736328
93,727    0,000564259476959705    337,329528808594
93,817    0,000564259476959705    337,329528808594
93,907    0,000564893882256001    338,276092529297
93,997    0,000564893882256001    338,276092529297
94,087    0,000565607449971139    339,301635742188
94,177    0,000565607449971139    339,301635742188
94,267    0,00056608347222209    340,248199462891
94,357    0,00056608347222209    340,248199462891
94,447    0,000566598610021174    341,273773193359
94,537    0,000566598610021174    341,273773193359
94,627    0,00056723301531747    342,220306396484
94,717    0,00056723301531747    342,220306396484
94,807    0,000568026269320399    343,245635986328
94,897    0,000568026269320399    343,245635986328
94,987    0,000568621035199612    344,192169189453
95,077    0,000568621035199612    344,192169189453
95,167    0,000569136172998697    345,217742919922
95,257    0,000569136172998697    345,217742919922
95,347    0,000569136172998697    345,217742919922
95,437    0,000569136172998697    345,217742919922
95,527    0,000569136172998697    345,217742919922
95,617    0,000570207019336522    347,11083984375
95,707    0,000570207019336522    347,11083984375
95,797    0,000570999807678163    348,136413574219
95,887    0,000570999807678163    348,136413574219
95,977    0,000571832642890513    349,082977294922
96,067    0,000571832642890513    349,082977294922
96,157    0,000572625373024493    350,108520507813
96,247    0,000572625373024493    350,108520507813
96,337    0,000573140976484865    351,133819580078
96,427    0,000573140976484865    351,133819580078
96,517    0,000574568111915141    352,080383300781
96,607    0,000574568111915141    352,080383300781
96,697    0,000575599377043545    353,026947021484
96,787    0,000575599377043545    353,026947021484
96,877    0,000575400947127491    354,052490234375
96,967    0,000575400947127491    354,052490234375
97,057    0,000575678539462388    354,999053955078
97,147    0,000575678539462388    354,999053955078
97,237    0,000575757760088891    356,024627685547
97,327    0,000575757760088891    356,024627685547
97,417    0,000575877027586102    356,971160888672
97,507    0,000575877027586102    356,971160888672
97,597    0,000577264523599297    357,996490478516
97,687    0,000577264523599297    357,996490478516
97,777    0,000578810926526785    358,943298339844
97,867    0,000578810926526785    358,943298339844
97,957    0,000579524494241923    359,968597412109
98,047    0,000579524494241923    359,968597412109
98,137    0,00058019848074764    360,994171142578
98,227    0,00058019848074764    360,994171142578
98,316    0,000580991734750569    361,940704345703
98,406    0,000580991734750569    361,940704345703
98,497    0,000581665721256286    362,887268066406
98,587    0,000581665721256286    362,887268066406
98,677    0,000581665721256286    362,887268066406
98,767    0,000582339707762003    363,833831787109
98,857    0,000582339707762003    363,833831787109
98,946    0,000583053275477141    364,859375
99,036    0,000583053275477141    364,859375
99,126    0,00058384652948007    365,805938720703
99,216    0,00058384652948007    365,805938720703
99,306    0,000584718945901841    366,831237792969
99,396    0,000584718945901841    366,831237792969
99,486    0,000584678840823472    367,778045654297
99,576    0,000584678840823472    367,778045654297
99,666    0,000585353351198137    368,724609375
99,756    0,000585353351198137    368,724609375
99,846    0,000586978916544467    369,749908447266
99,936    0,000586978916544467    369,749908447266
100,026    0,00058785080909729    370,696472167969
100,116    0,00058785080909729    370,696472167969
100,206    0,000588564900681376    371,722015380859
100,296    0,000588564900681376    371,722015380859
100,386    0,000589199247770011    372,747589111328
100,476    0,000589199247770011    372,747589111328
100,566    0,00058991281548515    373,694152832031
100,656    0,00058991281548515    373,694152832031
100,746    0,000590983196161687    374,719451904297
100,836    0,000590983196161687    374,719451904297
100,926    0,000592172786127776    375,666015625
101,016    0,000592172786127776    375,666015625
101,106    0,000593005621340126    376,612548828125
101,196    0,000593005621340126    376,612548828125
101,286    0,000593679607845843    377,638122558594
101,376    0,000593679607845843    377,638122558594
101,466    0,000594511919189245    378,584686279297
101,556    0,000594511919189245    378,584686279297
101,646    0,000595265591982752    379,610229492188
101,736    0,000595265591982752    379,610229492188
101,826    0,000595265591982752    379,610229492188
101,916    0,000595899997279048    380,556793212891
102,006    0,000595899997279048    380,556793212891
102,096    0,000596653146203607    381,582092285156
102,186    0,000596653146203607    381,582092285156
102,276    0,000597485981415957    382,528900146484
102,366    0,000597485981415957    382,528900146484
102,456    0,000598120386712253    383,55419921875
102,546    0,000598120386712253    383,55419921875
102,636    0,000599032384343445    384,500762939453
102,725    0,000599032384343445    384,500762939453
102,815    0,000600221974309534    385,526336669922
102,905    0,000600221974309534    385,526336669922
102,995    0,000601054343860596    386,472869873047
103,085    0,000601054343860596    386,472869873047
103,175    0,000601609528530389    387,41943359375
103,265    0,000601609528530389    387,41943359375
103,355    0,000602243933826685    388,445007324219
103,445    0,000602243933826685    388,445007324219
103,534    0,000602957501541823    389,391540527344
103,624    0,000602957501541823    389,391540527344
103,714    0,000603711174335331    390,416870117188
103,804    0,000603711174335331    390,416870117188
103,894    0,000604781496804208    391,363677978516
103,984    0,000604781496804208    391,363677978516
104,074    0,000605772656854242    392,310211181641
104,164    0,000605772656854242    392,310211181641
104,254    0,000606724293902516    393,335540771484
104,344    0,000606724293902516    393,335540771484
104,434    0,000607557129114866    394,282073974609
104,524    0,000607557129114866    394,282073974609
104,614    0,000608429021667689    395,228637695313
104,704    0,000608429021667689    395,228637695313
104,794    0,000609539449214935    396,254211425781
104,884    0,000609539449214935    396,254211425781
104,973    0,000609539449214935    396,254211425781
105,063    0,000610491028055549    397,200744628906
105,153    0,000610491028055549    397,200744628906
105,243    0,000611403025686741    398,147308349609
105,333    0,000611403025686741    398,147308349609
105,422    0,000612394243944436    399,172882080078
105,512    0,000612394243944436    399,172882080078
105,602    0,000613583833910525    400,119415283203
105,692    0,000613583833910525    400,119415283203
105,782    0,000614535412751138    401,144989013672
105,871    0,000614535412751138    401,144989013672
105,961    0,000615050550550222    402,091552734375
106,051    0,000615050550550222    402,091552734375
106,141    0,000615684955846518    403,0380859375
106,231    0,000615684955846518    403,0380859375
106,321    0,00061659695347771    404,063385009766
106,411    0,00061659695347771    404,063385009766
106,5    0,000617548532318324    405,009948730469
106,59    0,000617548532318324    405,009948730469
106,68    0,000618579797446728    406,035522460938
106,77    0,000618579797446728    406,035522460938
106,859    0,000619531434495002    406,982055664063
106,949    0,000619531434495002    406,982055664063
107,039    0,000620680919382721    407,928619384766
107,129    0,000620680919382721    407,928619384766
107,219    0,000621830986347049    408,875183105469
107,309    0,000621830986347049    408,875183105469
107,399    0,000622901308815926    409,900726318359
107,489    0,000622901308815926    409,900726318359
107,579    0,000623892468865961    410,847290039063
107,669    0,000623892468865961    410,847290039063
107,759    0,000624646141659468    411,872741699219
107,849    0,000624646141659468    411,872741699219
107,939    0,000624646141659468    411,872741699219
108,029    0,000625716522336006    412,819396972656
108,119    0,000625716522336006    412,819396972656
108,209    0,000626906112302095    413,765960693359
108,299    0,000626906112302095    413,765960693359
108,389    0,000628016074188054    414,791412353516
108,479    0,000628016074188054    414,791412353516
108,569    0,000629047339316458    415,737945556641
108,659    0,000629047339316458    415,737945556641
108,749    0,000630117661785334    416,763397216797
108,839    0,000630117661785334    416,763397216797
108,929    0,000631029659416527    417,710052490234
109,02    0,000631029659416527    417,710052490234
109,11    0,000632020877674222    418,656616210938
109,2    0,000632020877674222    418,656616210938
109,289    0,000633329211268574    419,682067871094
109,379    0,000633329211268574    419,682067871094
109,47    0,000634518859442323    420,628601074219
109,56    0,000634518859442323    420,628601074219
109,65    0,000635549600701779    421,575164794922
109,74    0,000635549600701779    421,575164794922
109,83    0,000636580341961235    422,600738525391
109,92    0,000636580341961235    422,600738525391
110,01    0,000637572025880218    423,547271728516
110,099    0,000637572025880218    423,547271728516
110,19    0,00063880073139444    424,572723388672
110,28    0,00063880073139444    424,572723388672
110,37    0,000640188809484243    425,519256591797
110,46    0,000640188809484243    425,519256591797
110,55    0,000641536782495677    426,544830322266
110,64    0,000641536782495677    426,544830322266
110,73    0,000642686791252345    427,491394042969
110,82    0,000642686791252345    427,491394042969
110,909    0,000643915962427855    428,437927246094
110,999    0,000643915962427855    428,437927246094
111,089    0,000643915962427855    428,437927246094
111,179    0,000643915962427855    428,437927246094
111,269    0,000643915962427855    428,437927246094
111,359    0,000646056665573269    430,409912109375
111,449    0,000646056665573269    430,409912109375
111,539    0,000647206732537597    431,435485839844
111,629    0,000647206732537597    431,435485839844
111,719    0,000648317160084844    432,382049560547
111,809    0,000648317160084844    432,382049560547
111,899    0,000649625551886857    433,328582763672
111,989    0,000649625551886857    433,328582763672
112,079    0,00065097346669063    434,354034423828
112,17    0,00065097346669063    434,354034423828
112,26    0,000652242277283221    435,300598144531
112,35    0,000652242277283221    435,300598144531
112,44    0,000652995426207781    436,326141357422
112,53    0,000652995426207781    436,326141357422
112,62    0,000653986586257815    437,272705078125
112,71    0,000653986586257815    437,272705078125
112,8    0,000655374664347619    438,298126220703
112,89    0,000655374664347619    438,298126220703
112,98    0,000656960648484528    439,244689941406
113,07    0,000656960648484528    439,244689941406
113,16    0,000658586213830858    440,191253662109
113,25    0,000658586213830858    440,191253662109
113,34    0,000661679019685835    441,216796875
113,43    0,000661679019685835    441,216796875
113,52    0,00066306657390669    442,163360595703
113,61    0,00066306657390669    442,163360595703
113,7    0,00066270976094529    443,109924316406
113,79    0,00066270976094529    443,109924316406
113,879    0,000663938990328461    444,056457519531
113,969    0,000663938990328461    444,056457519531
114,059    0,000664930150378495    445,08203125
114,149    0,000664930150378495    445,08203125
114,239    0,000665802566800267    446,028594970703
114,329    0,000665802566800267    446,028594970703
114,419    0,000665802566800267    446,028594970703
114,509    0,000666793726850301    447,054016113281
114,599    0,000666793726850301    447,054016113281
114,689    0,000668141699861735    448,000579833984
114,779    0,000668141699861735    448,000579833984
114,869    0,000669608940370381    448,947113037109
114,959    0,000669608940370381    448,947113037109
115,049    0,000670956913381815    449,972686767578
115,139    0,000670956913381815    449,972686767578
115,229    0,000672384514473379    450,919250488281
