sec"    "mA"    "mV
0,716    -0,000233295751968399    -119,00089263916
1,375    -0,000114465183287393    -119,00089263916
2,033    -6,81148521834984E-5    -119,00089263916
2,692    -4,82502109662164E-5    -119,00089263916
3,35    -3,93291120417416E-5    -119,00089263916
4,009    -3,13590971927624E-5    -119,00089263916
4,667    -2,69183419732144E-5    -119,079643249512
5,326    -2,22796534217196E-5    -119,079643249512
5,984    -1,95436405192595E-5    -119,079643249512
6,643    -1,64112589118304E-5    -119,00089263916
7,301    -1,4389318494068E-5    -119,079643249512
7,96    -1,2168940884294E-5    -119,00089263916
8,618    -1,0186587132921E-5    -119,00089263916
9,677    -8,04538103693631E-6    -119,00089263916
10,099    -2,05822698262637E-6    -119,00089263916
10,185    -2,05822698262637E-6    -119,00089263916
10,27    -2,05822698262637E-6    -119,00089263916
10,356    1,0590061719995E-5    -118,369857788086
10,442    1,0590061719995E-5    -118,369857788086
10,528    2,05820160772419E-5    -117,26554107666
10,614    2,05820160772419E-5    -117,26554107666
10,7    2,44279653998092E-5    -116,23998260498
10,786    2,44279653998092E-5    -116,23998260498
10,872    2,73223231488373E-5    -115,135665893555
10,957    2,73223231488373E-5    -115,135665893555
11,043    2,9780725526507E-5    -114,031356811523
11,129    2,9780725526507E-5    -114,031356811523
11,215    3,18422535201535E-5    -113,005790710449
11,3    3,18422535201535E-5    -113,005790710449
11,386    3,18422535201535E-5    -113,005790710449
11,472    3,36662596964743E-5    -111,901481628418
11,557    3,36662596964743E-5    -111,901481628418
11,643    3,53314171661623E-5    -110,876174926758
11,729    3,53314171661623E-5    -110,876174926758
11,815    3,68382279702928E-5    -109,771606445313
11,9    3,68382279702928E-5    -109,771606445313
11,986    3,90190216421615E-5    -108,746299743652
12,072    3,90190216421615E-5    -108,746299743652
12,158    4,04065685870592E-5    -107,641983032227
12,244    4,04065685870592E-5    -107,641983032227
12,33    4,11998116760515E-5    -106,537673950195
12,415    4,11998116760515E-5    -106,537673950195
12,501    4,11998116760515E-5    -106,537673950195
12,587    4,25081852881704E-5    -105,512107849121
12,673    4,25081852881704E-5    -105,512107849121
12,758    4,35785368608776E-5    -104,40779876709
12,844    4,35785368608776E-5    -104,40779876709
12,93    4,47681522928178E-5    -103,38224029541
13,016    4,47681522928178E-5    -103,38224029541
13,101    4,5957767724758E-5    -102,277923583984
13,187    4,5957767724758E-5    -102,277923583984
13,273    4,71869680040982E-5    -101,252616882324
13,359    4,71869680040982E-5    -101,252616882324
13,445    4,82573159388267E-5    -100,148048400879
13,53    4,82573159388267E-5    -100,148048400879
13,616    4,94469313707668E-5    -99,1227416992188
13,702    4,94469313707668E-5    -99,1227416992188
13,788    4,94469313707668E-5    -99,1227416992188
13,873    5,05568677908741E-5    -98,018424987793
13,959    5,05568677908741E-5    -98,018424987793
14,044    5,15084575454239E-5    -96,9928665161133
14,13    5,15084575454239E-5    -96,9928665161133
14,216    5,24600472999737E-5    -95,9675598144531
14,301    5,24600472999737E-5    -95,9675598144531
14,387    5,33720522071235E-5    -94,8629913330078
14,473    5,33720522071235E-5    -94,8629913330078
14,559    5,45616676390637E-5    -93,8376846313477
14,644    5,45616676390637E-5    -93,8376846313477
14,73    5,59492145839613E-5    -92,7333679199219
14,816    5,59492145839613E-5    -92,7333679199219
14,902    5,59492145839613E-5    -92,7333679199219
14,988    5,70200718357228E-5    -91,7078094482422
15,074    5,70200718357228E-5    -91,7078094482422
15,16    5,77732243982609E-5    -90,6035003662109
15,246    5,77732243982609E-5    -90,6035003662109
15,332    5,8685225667432E-5    -89,5779342651367
15,417    5,8685225667432E-5    -89,5779342651367
15,503    5,95972305745818E-5    -88,5526275634766
15,589    5,95972305745818E-5    -88,5526275634766
15,675    6,05488203291316E-5    -87,4483184814453
15,761    6,05488203291316E-5    -87,4483184814453
15,847    6,18571939412504E-5    -86,4227523803711
15,932    6,18571939412504E-5    -86,4227523803711
16,018    6,18571939412504E-5    -86,4227523803711
16,104    6,26900291536003E-5    -85,3184432983398
16,19    6,26900291536003E-5    -85,3184432983398
16,276    6,33640083833598E-5    -84,2928771972656
16,361    6,33640083833598E-5    -84,2928771972656
16,447    6,44343599560671E-5    -83,2675704956055
16,533    6,44343599560671E-5    -83,2675704956055
16,619    6,53463648632169E-5    -82,1632614135742
16,704    6,53463648632169E-5    -82,1632614135742
16,79    6,62979509797879E-5    -81,1376953125
16,876    6,62979509797879E-5    -81,1376953125
16,961    6,74875700497068E-5    -80,0333862304688
17,047    6,74875700497068E-5    -80,0333862304688
17,132    6,74875700497068E-5    -80,0333862304688
17,218    6,74875700497068E-5    -80,0333862304688
17,303    6,74875700497068E-5    -80,0333862304688
17,389    6,94699192536063E-5    -77,9825134277344
17,475    6,94699192536063E-5    -77,9825134277344
17,561    7,04215126461349E-5    -76,9569549560547
17,646    7,04215126461349E-5    -76,9569549560547
17,732    7,13730987627059E-5    -75,8526458740234
17,818    7,13730987627059E-5    -75,8526458740234
17,904    7,24038618500344E-5    -74,8270797729492
17,99    7,24038618500344E-5    -74,8270797729492
18,076    7,36330694053322E-5    -73,8017730712891
18,162    7,36330694053322E-5    -73,8017730712891
18,248    7,47435115044937E-5    -72,7762145996094
18,333    7,47435115044937E-5    -72,7762145996094
18,419    7,47435115044937E-5    -72,7762145996094
18,505    7,57742745918222E-5    -71,6718978881836
18,591    7,57742745918222E-5    -71,6718978881836
18,677    7,6686279498972E-5    -70,6463394165039
18,762    7,6686279498972E-5    -70,6463394165039
18,848    7,77566237957217E-5    -69,5420227050781
18,934    7,77566237957217E-5    -69,5420227050781
19,02    7,87483077147044E-5    -68,516716003418
19,105    7,87483077147044E-5    -68,516716003418
19,191    7,98186592874117E-5    -67,4911575317383
19,277    7,98186592874117E-5    -67,4911575317383
19,363    8,10874480521306E-5    -66,4655990600586
19,448    8,10874480521306E-5    -66,4655990600586
19,534    8,10874480521306E-5    -66,4655990600586
19,62    8,2277059846092E-5    -65,4402923583984
19,706    8,2277059846092E-5    -65,4402923583984
19,792    8,33474114187993E-5    -64,3359756469727
19,877    8,33474114187993E-5    -64,3359756469727
19,963    8,43781745061278E-5    -63,3104133605957
20,049    8,43781745061278E-5    -63,3104133605957
20,135    8,55282050906681E-5    -62,284854888916
20,221    8,55282050906681E-5    -62,284854888916
20,307    8,68365750648081E-5    -61,1805419921875
20,393    8,68365750648081E-5    -61,1805419921875
20,478    8,79866056493483E-5    -60,1552314758301
20,564    8,79866056493483E-5    -60,1552314758301
20,65    8,79866056493483E-5    -60,1552314758301
20,736    8,92553944140673E-5    -59,0509185791016
20,822    8,92553944140673E-5    -59,0509185791016
20,908    9,06033528735861E-5    -58,0253601074219
20,994    9,06033528735861E-5    -58,0253601074219
21,08    9,1872141638305E-5    -56,9997978210449
21,166    9,1872141638305E-5    -56,9997978210449
21,252    9,31013419176452E-5    -55,9744911193848
21,338    9,31013419176452E-5    -55,9744911193848
21,424    9,4449300377164E-5    -54,8701782226563
21,51    9,4449300377164E-5    -54,8701782226563
21,596    9,59165263338946E-5    -53,8446159362793
21,682    9,59165263338946E-5    -53,8446159362793
21,768    9,73040732787922E-5    -52,8190574645996
21,854    9,73040732787922E-5    -52,8190574645996
21,94    9,73040732787922E-5    -52,8190574645996
22,026    9,86124432529323E-5    -51,7937469482422
22,112    9,86124432529323E-5    -51,7937469482422
22,198    9,992082050303E-5    -50,7681884765625
22,284    9,992082050303E-5    -50,7681884765625
22,37    0,000101229699794203    -49,7428817749023
22,456    0,000101229699794203    -49,7428817749023
22,542    0,000102696416433901    -48,638313293457
22,628    0,000102696416433901    -48,638313293457
22,714    0,000104361577541567    -47,6130065917969
22,8    0,000104361577541567    -47,6130065917969
22,886    0,000106106410385109    -46,5874443054199
22,972    0,000106106410385109    -46,5874443054199
23,058    0,000106106410385109    -46,5874443054199
23,144    0,000107811152702197    -45,5621376037598
23,23    0,000107811152702197    -45,5621376037598
23,315    0,000109317967144307    -44,4578247070313
23,401    0,000109317967144307    -44,4578247070313
23,488    0,000110943539766595    -43,4322624206543
23,574    0,000110943539766595    -43,4322624206543
23,659    0,000112648791400716    -42,4067039489746
23,745    0,000112648791400716    -42,4067039489746
23,831    0,000114432703412604    -41,3813972473145
23,917    0,000114432703412604    -41,3813972473145
24,003    0,000116375471407082    -40,3558349609375
24,089    0,000116375471407082    -40,3558349609375
24,175    0,000118318748718593    -39,3302764892578
24,26    0,000118318748718593    -39,3302764892578
24,346    0,000118318748718593    -39,3302764892578
24,432    0,000120181830425281    -38,3049659729004
24,517    0,000120181830425281    -38,3049659729004
24,603    0,00012212511501275    -37,2006530761719
24,689    0,00012212511501275    -37,2006530761719
24,774    0,000124067868455313    -36,1750907897949
24,86    0,000124067868455313    -36,1750907897949
24,946    0,00012597105524037    -35,1497840881348
25,032    0,00012597105524037    -35,1497840881348
25,117    0,000128072162624449    -34,1242256164551
25,203    0,000128072162624449    -34,1242256164551
25,289    0,000130332642584108    -33,0986633300781
25,375    0,000130332642584108    -33,0986633300781
25,46    0,000130332642584108    -33,0986633300781
25,546    0,000132512926938944    -32,073356628418
25,632    0,000132512926938944    -32,073356628418
25,718    0,000134733301820233    -31,0477962493896
25,803    0,000134733301820233    -31,0477962493896
25,889    0,000136953676701523    -29,9434814453125
25,975    0,000136953676701523    -29,9434814453125
26,061    0,000139214156661183    -28,9179210662842
26,146    0,000139214156661183    -28,9179210662842
26,232    0,000141711629112251    -27,892614364624
26,318    0,000141711629112251    -27,892614364624
26,404    0,000144368474138901    -26,8670539855957
26,49    0,000144368474138901    -26,8670539855957
26,576    0,000144368474138901    -26,8670539855957
26,662    0,000146985228639096    -25,8417453765869
26,748    0,000146985228639096    -25,8417453765869
26,833    0,000149443629197776    -24,8161849975586
26,919    0,000149443629197776    -24,8161849975586
27,005    0,000152060369146056    -23,7906246185303
27,091    0,000152060369146056    -23,7906246185303
27,177    0,000155430781887844    -22,7653160095215
27,263    0,000155430781887844    -22,7653160095215
27,348    0,000158007940626703    -21,7397556304932
27,434    0,000158007940626703    -21,7397556304932
27,52    0,000160466341185383    -20,6354427337646
27,606    0,000160466341185383    -20,6354427337646
27,692    0,000160466341185383    -20,6354427337646
27,778    0,000160466341185383    -20,6354427337646
27,864    0,000160466341185383    -20,6354427337646
27,95    0,000166770696523599    -18,5845737457275
28,036    0,000166770696523599    -18,5845737457275
28,122    0,000169862978509627    -17,5590133666992
28,207    0,000169862978509627    -17,5590133666992
28,293    0,000172955784364603    -16,5337066650391
28,379    0,000172955784364603    -16,5337066650391
28,465    0,000175810549990274    -15,5081453323364
28,551    0,000175810549990274    -15,5081453323364
28,637    0,000179180962732062    -14,4825849533081
28,723    0,000179180962732062    -14,4825849533081
28,809    0,00018310607993044    -13,4572772979736
28,894    0,00018310607993044    -13,4572772979736
28,98    0,00018310607993044    -13,4572772979736
29,066    0,000186754099559039    -12,3529634475708
29,152    0,000186754099559039    -12,3529634475708
29,238    0,000190282851690426    -11,3274030685425
29,324    0,000190282851690426    -11,3274030685425
29,41    0,000193930871319026    -10,3018426895142
29,496    0,000193930871319026    -10,3018426895142
29,582    0,000197578381630592    -9,27653503417969
29,668    0,000197578381630592    -9,27653503417969
29,754    0,000201463917619549    -8,25097465515137
29,839    0,000201463917619549    -8,25097465515137
29,925    0,000205547883524559    -7,22566652297974
30,011    0,000205547883524559    -7,22566652297974
30,097    0,000205547883524559    -7,22566652297974
30,183    0,000209671445190907    -6,20010614395142
30,269    0,000209671445190907    -6,20010614395142
30,355    0,000213676248677075    -5,2535514831543
30,441    0,000213676248677075    -5,2535514831543
30,527    0,000217918568523601    -4,14923810958862
30,612    0,000217918568523601    -4,14923810958862
30,698    0,000222478585783392    -3,12367749214172
30,784    0,000222478585783392    -3,12367749214172
30,87    0,000226958931307308    -2,0981171131134
30,956    0,000226958931307308    -2,0981171131134
31,042    0,000231756464927457    -1,07280921936035
31,128    0,000231756464927457    -1,07280921936035
31,214    0,000236792024224997    -0,0472488515079021
31,3    0,000236792024224997    -0,0472488515079021
31,386    0,000236792024224997    -0,0472488515079021
31,472    0,000241708839894272    0,978059113025665
31,569    0,000241708839894272    0,978059113025665
31,659    0,000246704294113442    2,00361943244934
31,749    0,000246704294113442    2,00361943244934
31,839    0,000251739867962897    3,02917981147766
31,93    0,000251739867962897    3,02917981147766
32,02    0,00025673586060293    4,05448770523071
32,109    0,00025673586060293    4,05448770523071
32,2    0,000262049026787281    5,08004808425903
32,29    0,000262049026787281    5,08004808425903
32,38    0,000267282506683841    6,10535621643066
32,47    0,000267282506683841    6,10535621643066
32,56    0,000272476929239929    7,13091659545898
32,65    0,000272476929239929    7,13091659545898
32,74    0,000278226070804521    8,1564769744873
32,83    0,000278226070804521    8,1564769744873
32,92    0,000283896020846441    9,18178462982178
33,01    0,000283896020846441    9,18178462982178
33,101    0,000289605552097782    10,2073450088501
33,191    0,000289605552097782    10,2073450088501
33,281    0,000295473437290639    11,2326526641846
33,371    0,000295473437290639    11,2326526641846
33,461    0,000301460619084537    12,2582130432129
33,551    0,000301460619084537    12,2582130432129
33,641    0,000307567039271817    13,2837734222412
33,731    0,000307567039271817    13,2837734222412
33,822    0,000314108881866559    14,30908203125
33,912    0,000314108881866559    14,30908203125
34,002    0,000320928869768977    15,3346424102783
34,092    0,000320928869768977    15,3346424102783
34,182    0,000327391579048708    16,3599510192871
34,272    0,000327391579048708    16,3599510192871
34,362    0,000333695934386924    17,3067569732666
34,452    0,000333695934386924    17,3067569732666
34,542    0,000333695934386924    17,3067569732666
34,632    0,000340238300850615    18,4110698699951
34,722    0,000340238300850615    18,4110698699951
34,812    0,000347018183674663    19,4363784790039
34,902    0,000347018183674663    19,4363784790039
34,992    0,000353719427948818    20,3829326629639
35,082    0,000353719427948818    20,3829326629639
35,172    0,000360657664714381    21,4084930419922
35,262    0,000360657664714381    21,4084930419922
35,352    0,000367715663742274    22,4340534210205
35,442    0,000367715663742274    22,4340534210205
35,532    0,000374654424376786    23,5383682250977
35,622    0,000374654424376786    23,5383682250977
35,712    0,000381711928639561    24,5636749267578
35,802    0,000381711928639561    24,5636749267578
35,892    0,000388729851692915    25,5102310180664
35,982    0,000388729851692915    25,5102310180664
36,072    0,00039586701313965    26,6147956848145
36,162    0,00039586701313965    26,6147956848145
36,252    0,000403162557631731    27,6401042938232
36,342    0,000403162557631731    27,6401042938232
36,432    0,000410735694458708    28,5866584777832
36,522    0,000410735694458708    28,5866584777832
36,612    0,000418308831285685    29,6122188568115
36,702    0,000418308831285685    29,6122188568115
36,792    0,000425802281824872    30,6377792358398
36,882    0,000425802281824872    30,6377792358398
36,972    0,00043341499986127    31,6630878448486
37,062    0,00043341499986127    31,6630878448486
37,152    0,000440710544353351    32,688648223877
37,242    0,000440710544353351    32,688648223877
37,332    0,00044796647853218    33,7139549255371
37,422    0,00044796647853218    33,7139549255371
37,512    0,000455658882856369    34,7395172119141
37,602    0,000455658882856369    34,7395172119141
37,692    0,000455658882856369    34,7395172119141
37,782    0,000455658882856369    34,7395172119141
37,872    0,000455658882856369    34,7395172119141
37,962    0,000471280713099986    36,7903861999512
38,052    0,000471280713099986    36,7903861999512
38,142    0,00047873507719487    37,8946990966797
38,232    0,00047873507719487    37,8946990966797
38,322    0,000486070202896371    38,9202575683594
38,412    0,000486070202896371    38,9202575683594
38,501    0,000493603758513927    39,9455680847168
38,591    0,000493603758513927    39,9455680847168
38,681    0,000501256086863577    40,9711265563965
38,771    0,000501256086863577    40,9711265563965
38,861    0,000508749508298934    41,9966888427734
38,951    0,000508749508298934    41,9966888427734
39,041    0,000516402360517532    43,0219955444336
39,131    0,000516402360517532    43,0219955444336
39,221    0,000523975468240678    44,0475540161133
39,311    0,000523975468240678    44,0475540161133
39,401    0,000531429366674274    45,0731163024902
39,491    0,000531429366674274    45,0731163024902
39,581    0,000538962893188    46,0984230041504
39,671    0,000538962893188    46,0984230041504
39,761    0,000546377210412174    47,1239852905273
39,851    0,000546377210412174    47,1239852905273
39,941    0,000553593563381582    48,0705375671387
40,031    0,000553593563381582    48,0705375671387
40,121    0,000561047927476466    49,0958480834961
40,211    0,000561047927476466    49,0958480834961
40,301    0,000568541407119483    50,1214065551758
40,39    0,000568541407119483    50,1214065551758
40,481    0,00057571817887947    51,1469688415527
40,571    0,00057571817887947    51,1469688415527
40,661    0,000582894950639457    52,1722755432129
40,751    0,000582894950639457    52,1722755432129
40,841    0,000582894950639457    52,1722755432129
40,931    0,000582894950639457    52,1722755432129
41,021    0,000582894950639457    52,1722755432129
41,11    0,000596097903326154    54,2233963012695
41,2    0,000596097903326154    54,2233963012695
41,29    0,000602521526161581    55,2487030029297
41,38    0,000602521526161581    55,2487030029297
41,47    0,000609380600508302    56,2742652893066
41,56    0,000609380600508302    56,2742652893066
41,65    0,000615526631008834    57,2995719909668
41,74    0,000615526631008834    57,2995719909668
41,83    0,000621672137640417    58,3251342773438
41,921    0,000621672137640417    58,3251342773438
42,011    0,000627857691142708    59,3506927490234
42,101    0,000627857691142708    59,3506927490234
42,19    0,000633250048849732    60,3759994506836
42,28    0,000633250048849732    60,3759994506836
42,37    0,00063880073139444    61,4015617370605
42,46    0,00063880073139444    61,4015617370605
42,55    0,000644391519017518    62,4268684387207
42,64    0,000644391519017518    62,4268684387207
42,73    0,000649942725431174    63,4524307250977
42,82    0,000649942725431174    63,4524307250977
42,91    0,000655453826766461    64,4779891967773
43    0,000655453826766461    64,4779891967773
43,09    0,0006606878596358    65,4245452880859
43,18    0,0006606878596358    65,4245452880859
43,27    0,000665762985590845    66,4498519897461
43,36    0,000665762985590845    66,4498519897461
43,45    0,000670838111545891    67,4754104614258
43,54    0,000670838111545891    67,4754104614258
43,63    0,000675476796459407    68,5009765625
43,72    0,000675476796459407    68,5009765625
43,81    0,000679560820572078    69,5262832641602
43,9    0,000679560820572078    69,5262832641602
43,99    0,000679560820572078    69,5262832641602
44,08    0,000679560820572078    69,5262832641602
44,17    0,000679560820572078    69,5262832641602
44,26    0,0006877287523821    71,5771484375
44,349    0,0006877287523821    71,5771484375
44,439    0,000691733555868268    72,6027069091797
44,53    0,000691733555868268    72,6027069091797
44,62    0,000695539929438382    73,6282730102539
44,71    0,000695539929438382    73,6282730102539
44,8    0,000698751478921622    74,6535797119141
44,89    0,000698751478921622    74,6535797119141
44,98    0,000701804645359516    75,6791381835938
45,07    0,000701804645359516    75,6791381835938
45,16    0,000704936566762626    76,6256942749023
45,25    0,000704936566762626    76,6256942749023
45,34    0,000707791303284466    77,651252746582
45,43    0,000707791303284466    77,651252746582
45,52    0,000710487714968622    78,6765594482422
45,61    0,000710487714968622    78,6765594482422
45,7    0,000713144079782069    79,7021255493164
45,79    0,000713144079782069    79,7021255493164
45,88    0,000715681642759591    80,7274322509766
45,97    0,000715681642759591    80,7274322509766
46,059    0,000718060880899429    81,7529907226563
46,149    0,000718060880899429    81,7529907226563
46,239    0,000720360432751477    82,7785491943359
46,329    0,000720360432751477    82,7785491943359
46,419    0,000722263590432703    83,8038558959961
46,509    0,000722263590432703    83,8038558959961
46,599    0,00072412722511217    84,7504119873047
46,689    0,00072412722511217    84,7504119873047
46,78    0,000726069964002818    85,8547286987305
46,87    0,000726069964002818    85,8547286987305
46,96    0,0007274184608832    86,8802871704102
47,05    0,0007274184608832    86,8802871704102
47,14    0,000728449202142656    87,8268432617188
47,23    0,000728449202142656    87,8268432617188
47,32    0,000728449202142656    87,8268432617188
47,41    0,000729559164028615    88,8524017333984
47,5    0,000729559164028615    88,8524017333984
47,59    0,00073027319740504    89,8777084350586
47,68    0,00073027319740504    89,8777084350586
47,77    0,000730867497622967    90,9032745361328
47,86    0,000730867497622967    90,9032745361328
47,95    0,000731819134671241    91,9288330078125
48,04    0,000731819134671241    91,9288330078125
48,13    0,000732493586838245    92,9541397094727
48,219    0,000732493586838245    92,9541397094727
48,309    0,000732929562218487    93,9006958007813
48,399    0,000732929562218487    93,9006958007813
48,489    0,000733286316972226    94,9262542724609
48,579    0,000733286316972226    94,9262542724609
48,669    0,000733246735762805    95,9515609741211
48,759    0,000733246735762805    95,9515609741211
48,849    0,000733207154553384    96,9771194458008
48,939    0,000733207154553384    96,9771194458008
49,029    0,000733207154553384    98,002685546875
49,119    0,000733207154553384    98,002685546875
49,209    0,000732810818590224    99,0279922485352
49,299    0,000732810818590224    99,0279922485352
49,389    0,000732413900550455    100,053550720215
49,479    0,000732413900550455    100,053550720215
49,569    0,000732017564587295    101,079109191895
49,659    0,000732017564587295    101,079109191895
49,749    0,00073142274050042    102,025665283203
49,839    0,00073142274050042    102,025665283203
49,929    0,000730867497622967    103,050971984863
50,019    0,000730867497622967    103,050971984863
50,109    0,000730312778614461    104,076538085938
50,199    0,000730312778614461    104,076538085938
50,289    0,000729559164028615    105,101844787598
50,379    0,000729559164028615    105,101844787598
50,469    0,000729559164028615    105,101844787598
50,559    0,000728647108189762    106,127403259277
50,649    0,000728647108189762    106,127403259277
50,739    0,000727893959265202    107,073959350586
50,829    0,000727893959265202    107,073959350586
50,919    0,000727061124052852    108,099517822266
51,009    0,000727061124052852    108,099517822266
51,099    0,000725951220374554    109,124824523926
51,189    0,000725951220374554    109,124824523926
51,279    0,000724840792827308    110,150382995605
51,369    0,000724840792827308    110,150382995605
51,459    0,000723691249731928    111,17594909668
51,549    0,000723691249731928    111,17594909668
51,639    0,000722342811059207    112,20125579834
51,729    0,000722342811059207    112,20125579834
51,819    0,000721074000466615    113,22681427002
51,909    0,000721074000466615    113,22681427002
51,999    0,00071968644624576    114,25212097168
52,089    0,00071968644624576    114,25212097168
52,179    0,00071810046210885    115,198928833008
52,269    0,00071810046210885    115,198928833008
52,359    0,000716752489097416    116,303245544434
52,449    0,000716752489097416    116,303245544434
52,539    0,000715483736712486    117,249801635742
52,629    0,000715483736712486    117,249801635742
52,719    0,000714095658622682    118,275108337402
52,809    0,000714095658622682    118,275108337402
52,899    0,000712668523192406    119,300666809082
52,989    0,000712668523192406    119,300666809082
53,079    0,000711161701474339    120,247222900391
53,169    0,000711161701474339    120,247222900391
53,259    0,000709654937963933    121,27278137207
53,349    0,000709654937963933    121,27278137207
53,439    0,000708108535036445    122,29808807373
53,529    0,000708108535036445    122,29808807373
53,619    0,000708108535036445    122,29808807373
53,709    0,000706681399606168    123,32364654541
53,799    0,000706681399606168    123,32364654541
53,889    0,000705055834259838    124,349212646484
53,979    0,000705055834259838    124,349212646484
54,069    0,00070315261837095    125,374519348145
54,159    0,00070315261837095    125,374519348145
54,249    0,00070152705302462    126,321075439453
54,339    0,00070152705302462    126,321075439453
54,429    0,000700139033142477    127,346633911133
54,519    0,000700139033142477    127,346633911133
54,609    0,000698672258295119    128,371948242188
54,699    0,000698672258295119    128,371948242188
54,789    0,00069708627415821    129,397506713867
54,879    0,00069708627415821    129,397506713867
54,969    0,000695222697686404    130,344055175781
55,059    0,000695222697686404    130,344055175781
55,149    0,000693557027261704    131,369613647461
55,239    0,000693557027261704    131,369613647461
55,329    0,000692169473040849    132,394927978516
55,419    0,000692169473040849    132,394927978516
55,509    0,000690543907694519    133,34147644043
55,599    0,000690543907694519    133,34147644043
55,689    0,000688839179929346    134,367034912109
55,779    0,000688839179929346    134,367034912109
55,869    0,000687332358211279    135,392593383789
55,958    0,000687332358211279    135,392593383789
56,048    0,000685984385199845    136,339157104492
56,138    0,000685984385199845    136,339157104492
56,228    0,000684556784108281    137,364456176758
56,318    0,000684556784108281    137,364456176758
56,408    0,000683049962390214    138,390029907227
56,498    0,000683049962390214    138,390029907227
56,588    0,000681503559462726    139,415588378906
56,678    0,000681503559462726    139,415588378906
56,768    0,000681503559462726    139,415588378906
56,858    0,000681503559462726    139,415588378906
56,948    0,000681503559462726    139,415588378906
57,038    0,000678133685141802    141,387451171875
57,128    0,000678133685141802    141,387451171875
57,218    0,000676666444633156    142,413009643555
57,308    0,000676666444633156    142,413009643555
57,398    0,000675278890412301    143,438568115234
57,488    0,000675278890412301    143,438568115234
57,578    0,000673811649903655    144,4638671875
57,668    0,000673811649903655    144,4638671875
57,758    0,000672384514473379    145,410430908203
57,848    0,000672384514473379    145,410430908203
57,938    0,000670877692755312    146,435989379883
58,028    0,000670877692755312    146,435989379883
58,118    0,00066921254619956    147,461303710938
58,207    0,00066921254619956    147,461303710938
58,297    0,000667666143272072    148,486862182617
58,387    0,000667666143272072    148,486862182617
58,478    0,00066627812338993    149,512420654297
58,568    0,00066627812338993    149,512420654297
58,658    0,000664969731587917    150,458969116211
58,748    0,000664969731587917    150,458969116211
58,838    0,000663740560412407    151,484283447266
58,928    0,000663740560412407    151,484283447266
59,017    0,000662630598526448    152,509841918945
59,107    0,000662630598526448    152,509841918945
59,198    0,000661520170979202    153,535400390625
59,287    0,000661520170979202    153,535400390625
59,378    0,000660172197967768    154,56071472168
59,467    0,000660172197967768    154,56071472168
59,557    0,00065862579504028    155,507263183594
59,647    0,00065862579504028    155,507263183594
59,737    0,000657317403238267    156,532821655273
59,827    0,000657317403238267    156,532821655273
59,917    0,000657317403238267    156,532821655273
60,006    0,000657317403238267    156,532821655273
60,096    0,000657317403238267    156,532821655273
60,186    0,000655295501928777    158,504943847656
60,276    0,000655295501928777    158,504943847656
60,366    0,000654066272545606    159,530242919922
60,456    0,000654066272545606    159,530242919922
60,546    0,000652837101370096    160,555801391602
60,636    0,000652837101370096    160,555801391602
60,726    0,000651964684948325    161,502365112305
60,816    0,000651964684948325    161,502365112305
60,906    0,000650894304271787    162,527923583984
60,996    0,000650894304271787    162,527923583984
61,086    0,000649704714305699    163,55322265625
61,176    0,000649704714305699    163,55322265625
61,266    0,000648594286758453    164,578796386719
61,356    0,000648594286758453    164,578796386719
61,446    0,000647523906081915    165,604095458984
61,536    0,000647523906081915    165,604095458984
61,626    0,000646651489660144    166,550903320313
61,716    0,000646651489660144    166,550903320313
61,806    0,000645739492028952    167,576217651367
61,896    0,000645739492028952    167,576217651367
61,985    0,000644748331978917    168,601776123047
62,075    0,000644748331978917    168,601776123047
62,165    0,000643915962427855    169,548324584961
62,255    0,000643915962427855    169,548324584961
62,345    0,000643638370092958    170,573638916016
62,436    0,000643638370092958    170,573638916016
62,526    0,000644034764263779    171,599197387695
62,616    0,000644034764263779    171,599197387695
62,705    0,000643003964796662    172,624755859375
62,795    0,000643003964796662    172,624755859375
62,885    0,000641179969534278    173,571304321289
62,975    0,000641179969534278    173,571304321289
63,065    0,000641179969534278    173,571304321289
63,155    0,000641179969534278    173,571304321289
63,245    0,000641179969534278    173,571304321289
63,335    0,000639514822978526    175,622177124023
63,425    0,000639514822978526    175,622177124023
63,515    0,00063840439543128    176,647735595703
63,605    0,00063840439543128    176,647735595703
63,695    0,000637690827716142    177,594299316406
63,785    0,000637690827716142    177,594299316406
63,875    0,00063677883008495    178,619598388672
63,965    0,00063677883008495    178,619598388672
64,055    0,000636342854704708    179,645156860352
64,145    0,000636342854704708    179,645156860352
64,235    0,000636303273495287    180,67073059082
64,326    0,000636303273495287    180,67073059082
64,416    0,000635668868198991    181,617279052734
64,506    0,000635668868198991    181,617279052734
64,595    0,00063479645177722    182,642593383789
64,685    0,00063479645177722    182,642593383789
64,775    0,000634241208899766    183,668151855469
64,865    0,000634241208899766    183,668151855469
64,955    0,000633884454146028    184,614700317383
65,045    0,000633884454146028    184,614700317383
65,135    0,000633329211268574    185,640258789063
65,225    0,000633329211268574    185,640258789063
65,315    0,000632932875305414    186,665573120117
65,405    0,000632932875305414    186,665573120117
65,495    0,000632338051218539    187,691131591797
65,585    0,000632338051218539    187,691131591797
65,675    0,000631624483503401    188,637680053711
65,765    0,000631624483503401    188,637680053711
65,855    0,000631426053587347    189,662994384766
65,945    0,000631426053587347    189,662994384766
66,035    0,000630870810709894    190,688552856445
66,124    0,000630870810709894    190,688552856445
66,214    0,000630870810709894    190,688552856445
66,304    0,000630870810709894    190,688552856445
66,394    0,000630870810709894    190,688552856445
66,484    0,00062952283769846    192,73942565918
66,574    0,00062952283769846    192,73942565918
66,664    0,000629047339316458    193,685974121094
66,754    0,000629047339316458    193,685974121094
66,844    0,000628967653028667    194,711532592773
66,934    0,000628967653028667    194,711532592773
67,024    0,000628809269983321    195,737091064453
67,114    0,000628809269983321    195,737091064453
67,204    0,000628372828941792    196,683654785156
67,294    0,000628372828941792    196,683654785156
67,384    0,00062793685356155    197,708953857422
67,474    0,00062793685356155    197,708953857422
67,564    0,000627659261226654    198,734512329102
67,654    0,000627659261226654    198,734512329102
67,743    0,000627421250101179    199,76008605957
67,833    0,000627421250101179    199,76008605957
67,923    0,00062714412342757    200,785385131836
68,013    0,00062714412342757    200,785385131836
68,103    0,000626906112302095    201,731948852539
68,193    0,000626906112302095    201,731948852539
68,283    0,000626588938757777    202,757507324219
68,373    0,000626588938757777    202,757507324219
68,463    0,000626350869424641    203,704055786133
68,553    0,000626350869424641    203,704055786133
68,643    0,000626271707005799    204,729614257813
68,733    0,000626271707005799    204,729614257813
68,823    0,000626152439508587    205,754928588867
68,913    0,000626152439508587    205,754928588867
69,003    0,00062631128821522    206,780487060547
69,093    0,00062631128821522    206,780487060547
69,183    0,00062666810117662    207,727035522461
69,273    0,00062666810117662    207,727035522461
69,363    0,00062666810117662    207,727035522461
69,453    0,00062666810117662    207,727035522461
69,543    0,00062666810117662    207,727035522461
69,633    0,000626152439508587    209,777908325195
69,723    0,000626152439508587    209,777908325195
69,813    0,00062631128821522    210,803466796875
69,903    0,00062631128821522    210,803466796875
69,993    0,00062591495225206    211,750030517578
70,083    0,00062591495225206    211,750030517578
70,173    0,000625161279458553    212,775329589844
70,262    0,000625161279458553    212,775329589844
70,352    0,000625200860667974    213,800888061523
70,442    0,000625200860667974    213,800888061523
70,532    0,000625558139290661    214,826446533203
70,622    0,000625558139290661    214,826446533203
70,712    0,00062508211703971    215,773010253906
70,802    0,00062508211703971    215,773010253906
70,892    0,000625121698249131    216,798309326172
70,982    0,000625121698249131    216,798309326172
71,072    0,000625320128165185    217,744873046875
71,162    0,000625320128165185    217,744873046875
71,252    0,000625399290584028    218,770431518555
71,342    0,000625399290584028    218,770431518555
71,432    0,000625438871793449    219,795989990234
71,522    0,000625438871793449    219,795989990234
71,612    0,000625716522336006    220,742538452148
71,702    0,000625716522336006    220,742538452148
71,792    0,000626033695880324    221,767852783203
71,882    0,000626033695880324    221,767852783203
71,972    0,000626192544586957    222,714660644531
72,062    0,000626192544586957    222,714660644531
72,152    0,000626271707005799    223,739974975586
72,242    0,000626271707005799    223,739974975586
72,332    0,000626390450634062    224,6865234375
72,422    0,000626390450634062    224,6865234375
72,512    0,000626390450634062    224,6865234375
72,602    0,000626390450634062    224,6865234375
72,692    0,000626390450634062    224,6865234375
72,782    0,000626549357548356    226,737396240234
72,872    0,000626549357548356    226,737396240234
72,962    0,000626549357548356    227,762954711914
73,052    0,000626549357548356    227,762954711914
73,142    0,000626430090051144    228,709503173828
73,231    0,000626430090051144    228,709503173828
73,322    0,000626588938757777    229,735061645508
73,411    0,000626588938757777    229,735061645508
73,502    0,000626826949883252    230,760375976563
73,592    0,000626826949883252    230,760375976563
73,682    0,000627024855930358    231,706924438477
73,772    0,000627024855930358    231,706924438477
73,861    0,000626985274720937    232,732482910156
73,951    0,000626985274720937    232,732482910156
74,041    0,00062714412342757    233,758056640625
74,131    0,00062714412342757    233,758056640625
74,221    0,000627381668891758    234,783355712891
74,311    0,000627381668891758    234,783355712891
74,401    0,000627619680017233    235,729904174805
74,491    0,000627619680017233    235,729904174805
74,581    0,00062793685356155    236,755477905273
74,671    0,00062793685356155    236,755477905273
74,761    0,000628214504104108    237,781036376953
74,851    0,000628214504104108    237,781036376953
74,941    0,00062829366652295    238,727584838867
75,031    0,00062829366652295    238,727584838867
75,121    0,000628214504104108    239,752899169922
75,211    0,000628214504104108    239,752899169922
75,301    0,0006287696887739    240,778457641602
75,391    0,0006287696887739    240,778457641602
75,481    0,000629284826572984    241,725006103516
75,571    0,000629284826572984    241,725006103516
75,661    0,000629324407782406    242,750564575195
75,751    0,000629324407782406    242,750564575195
75,841    0,000629324407782406    242,750564575195
75,931    0,000629562477115542    243,77587890625
76,021    0,000629562477115542    243,77587890625
76,111    0,000629879650659859    244,722427368164
76,201    0,000629879650659859    244,722427368164
76,291    0,000630196824204177    245,747985839844
76,381    0,000630196824204177    245,747985839844
76,471    0,000630593742243946    246,694549560547
76,561    0,000630593742243946    246,694549560547
76,651    0,000630791648291051    247,720108032227
76,741    0,000630791648291051    247,720108032227
76,831    0,000631108821835369    248,745422363281
76,921    0,000631108821835369    248,745422363281
77,011    0,000631465634796768    249,691970825195
77,101    0,000631465634796768    249,691970825195
77,191    0,000631822389550507    250,717529296875
77,281    0,000631822389550507    250,717529296875
77,371    0,000632298470009118    251,664093017578
77,461    0,000632298470009118    251,664093017578
77,551    0,000632615643553436    252,689651489258
77,641    0,000632615643553436    252,689651489258
77,731    0,000632893294095993    253,714950561523
77,821    0,000632893294095993    253,714950561523
77,911    0,000633210467640311    254,740509033203
78,001    0,000633210467640311    254,740509033203
78,091    0,000633686024229974    255,687072753906
78,181    0,000633686024229974    255,687072753906
78,271    0,000634320429526269    256,633636474609
78,361    0,000634320429526269    256,633636474609
78,451    0,000634717289358377    257,6591796875
78,54    0,000634717289358377    257,6591796875
78,63    0,000634836032986641    258,684478759766
78,72    0,000634836032986641    258,684478759766
78,81    0,000635351694654673    259,631042480469
78,9    0,000635351694654673    259,631042480469
78,99    0,000635351694654673    259,631042480469
79,08    0,000635906413663179    260,656616210938
79,17    0,000635906413663179    260,656616210938
79,26    0,000636025622952729    261,603149414063
79,35    0,000636025622952729    261,603149414063
79,44    0,000636580341961235    262,628723144531
79,53    0,000636580341961235    262,628723144531
79,619    0,00063717516604811    263,575286865234
79,709    0,00063717516604811    263,575286865234
79,799    0,000637373595964164    264,6005859375
79,889    0,000637373595964164    264,6005859375
79,979    0,000637849152553827    265,626129150391
80,069    0,000637849152553827    265,626129150391
80,159    0,000638325174804777    266,651702880859
80,249    0,000638325174804777    266,651702880859
80,339    0,000638919998891652    267,598236083984
80,429    0,000638919998891652    267,598236083984
80,519    0,000639475241769105    268,544799804688
80,609    0,000639475241769105    268,544799804688
80,699    0,000639911158941686    269,570373535156
80,789    0,000639911158941686    269,570373535156
80,879    0,000640585145447403    270,595672607422
80,969    0,000640585145447403    270,595672607422
81,059    0,000641061225906014    271,542236328125
81,149    0,000641061225906014    271,542236328125
81,239    0,000641497143078595    272,567779541016
81,329    0,000641497143078595    272,567779541016
81,419    0,000642329978290945    273,593078613281
81,509    0,000642329978290945    273,593078613281
81,599    0,00064324151026085    274,539886474609
81,689    0,00064324151026085    274,539886474609
81,779    0,000643479521386325    275,565216064453
81,869    0,000643479521386325    275,565216064453
81,959    0,000643875915557146    276,511749267578
82,049    0,000643875915557146    276,511749267578
82,139    0,000643875915557146    276,511749267578
82,229    0,000644153507892042    277,537322998047
82,318    0,000644153507892042    277,537322998047
82,408    0,00064455036772415    278,562622070313
82,498    0,00064455036772415    278,562622070313
82,588    0,000645620748400688    279,588195800781
82,678    0,000645620748400688    279,588195800781
82,768    0,000646334316115826    280,534729003906
82,858    0,000646334316115826    280,534729003906
82,948    0,000646651489660144    281,560302734375
83,038    0,000646651489660144    281,560302734375
83,127    0,000647008302621543    282,506866455078
83,217    0,000647008302621543    282,506866455078
83,307    0,000647801498416811    283,532409667969
83,397    0,000647801498416811    283,532409667969
83,487    0,000648753135465086    284,557739257813
83,577    0,000648753135465086    284,557739257813
83,667    0,000649466703180224    285,504272460938
83,757    0,000649466703180224    285,504272460938
83,847    0,00065014063147828    286,450836181641
83,937    0,00065014063147828    286,450836181641
84,027    0,000650695874355733    287,476409912109
84,117    0,000650695874355733    287,476409912109
84,207    0,000651013047900051    288,422943115234
84,297    0,000651013047900051    288,422943115234
84,387    0,000652083428576589    289,448516845703
84,477    0,000652083428576589    289,448516845703
84,567    0,000652678252663463    290,395050048828
84,656    0,000652678252663463    290,395050048828
84,747    0,00065295584499836    291,420379638672
84,837    0,00065295584499836    291,420379638672
84,927    0,000653867842629552    292,366912841797
85,017    0,000653867842629552    292,366912841797
85,107    0,000653867842629552    292,366912841797
85,196    0,000653867842629552    292,366912841797
85,287    0,000653867842629552    292,366912841797
85,377    0,000655810639727861    294,418060302734
85,467    0,000655810639727861    294,418060302734
85,557    0,000656127813272178    295,364593505859
85,647    0,000656127813272178    295,364593505859
85,737    0,000656801799777895    296,389923095703
85,826    0,000656801799777895    296,389923095703
85,917    0,00065779295982793    297,336456298828
86,007    0,00065779295982793    297,336456298828
86,097    0,000658586213830858    298,362030029297
86,187    0,000658586213830858    298,362030029297
86,276    0,000659339362755418    299,387573242188
86,366    0,000659339362755418    299,387573242188
86,456    0,00065985502442345    300,334136962891
86,546    0,00065985502442345    300,334136962891
86,636    0,000660449790302664    301,280700683594
86,726    0,000660449790302664    301,280700683594
86,816    0,000661441008560359    302,306243896484
86,906    0,000661441008560359    302,306243896484
86,996    0,000662273843772709    303,331573486328
87,086    0,000662273843772709    303,331573486328
87,176    0,000662868609651923    304,278106689453
87,266    0,000662868609651923    304,278106689453
87,356    0,000663423328660429    305,303680419922
87,446    0,000663423328660429    305,303680419922
87,536    0,000664097315166146    306,328979492188
87,626    0,000664097315166146    306,328979492188
87,716    0,000664969731587917    307,275787353516
87,806    0,000664969731587917    307,275787353516
87,896    0,000665960891637951    308,301116943359
87,986    0,000665960891637951    308,301116943359
88,076    0,000666555715724826    309,247650146484
88,166    0,000666555715724826    309,247650146484
88,256    0,000667229702230543    310,273223876953
88,346    0,000667229702230543    310,273223876953
88,436    0,000667229702230543    310,273223876953
88,526    0,000668062537442893    311,219757080078
88,616    0,000668062537442893    311,219757080078
88,706    0,000668498512823135    312,245330810547
88,796    0,000668498512823135    312,245330810547
88,886    0,000669410510454327    313,270629882813
88,976    0,000669410510454327    313,270629882813
89,066    0,000670441251713783    314,217193603516
89,156    0,000670441251713783    314,217193603516
89,246    0,000671313668135554    315,242767333984
89,336    0,000671313668135554    315,242767333984
89,426    0,000672304828185588    316,189300537109
89,516    0,000672304828185588    316,189300537109
89,606    0,000672741327434778    317,214874267578
89,696    0,000672741327434778    317,214874267578
89,786    0,000673137663397938    318,161437988281
89,876    0,000673137663397938    318,161437988281
89,966    0,000674287730362266    319,186737060547
90,056    0,000674287730362266    319,186737060547
90,146    0,000674922135658562    320,212280273438
90,236    0,000674922135658562    320,212280273438
90,326    0,000675675284583122    321,158843994141
90,416    0,000675675284583122    321,158843994141
90,505    0,000676706025842577    322,105407714844
90,595    0,000676706025842577    322,105407714844
90,685    0,000677459698636085    323,130950927734
90,775    0,000677459698636085    323,130950927734
90,865    0,000678807671647519    324,077514648438
90,955    0,000678807671647519    324,077514648438
91,045    0,000679640448652208    325,102813720703
91,135    0,000679640448652208    325,102813720703
91,224    0,000680314435157925    326,128387451172
91,314    0,000680314435157925    326,128387451172
91,404    0,000680710829328746    327,074951171875
91,494    0,000680710829328746    327,074951171875
91,584    0,000680710829328746    327,074951171875
91,674    0,000681662408169359    328,100494384766
91,764    0,000681662408169359    328,100494384766
91,854    0,000682772370055318    329,047058105469
91,944    0,000682772370055318    329,047058105469
92,034    0,000683446822222322    330,072357177734
92,124    0,000683446822222322    330,072357177734
92,214    0,000684199971146882    331,019165039063
92,304    0,000684199971146882    331,019165039063
92,394    0,000685072387568653    331,965728759766
92,484    0,000685072387568653    331,965728759766
92,574    0,00068614276824519    332,912292480469
92,664    0,00068614276824519    332,912292480469
92,754    0,000686856335960329    333,937591552734
92,844    0,000686856335960329    333,937591552734
92,934    0,000687807914800942    334,884155273438
93,024    0,000687807914800942    334,884155273438
93,114    0,000688759493641555    335,830963134766
93,204    0,000688759493641555    335,830963134766
93,294    0,000690028304234147    336,856262207031
93,384    0,000690028304234147    336,856262207031
93,474    0,000691336637828499    337,881805419922
93,564    0,000691336637828499    337,881805419922
93,654    0,000692526286002249    338,828369140625
93,744    0,000692526286002249    338,828369140625
93,834    0,000693359121214598    339,774932861328
93,924    0,000693359121214598    339,774932861328
94,014    0,000694350281264633    340,800476074219
94,104    0,000694350281264633    340,800476074219
94,194    0,000695143535267562    341,747039794922
94,284    0,000695143535267562    341,747039794922
94,374    0,000696095114108175    342,772338867188
94,464    0,000696095114108175    342,772338867188
94,554    0,000697522249538451    343,718902587891
94,644    0,000697522249538451    343,718902587891
94,734    0,000697522249538451    343,718902587891
94,824    0,000698275398463011    344,665710449219
94,914    0,000698275398463011    344,665710449219
95,004    0,000699267082381994    345,691009521484
95,094    0,000699267082381994    345,691009521484
95,184    0,000700535892974585    346,637573242188
95,274    0,000700535892974585    346,637573242188
95,364    0,000701407785527408    347,663146972656
95,454    0,000701407785527408    347,663146972656
95,544    0,000702280201949179    348,609680175781
95,634    0,000702280201949179    348,609680175781
95,724    0,000703350582625717    349,63525390625
95,814    0,000703350582625717    349,63525390625
95,904    0,000704421428963542    350,581817626953
95,994    0,000704421428963542    350,581817626953
96,084    0,000705174577888101    351,607116699219
96,174    0,000705174577888101    351,607116699219
96,264    0,000705729762557894    352,553680419922
96,354    0,000705729762557894    352,553680419922
96,444    0,000707038154359907    353,579223632813
96,534    0,000707038154359907    353,579223632813
96,624    0,000708267383743078    354,525787353516
96,714    0,000708267383743078    354,525787353516
96,804    0,000709377287421376    355,551330566406
96,894    0,000709377287421376    355,551330566406
96,984    0,000710765365511179    356,497894287109
97,074    0,000710765365511179    356,497894287109
97,164    0,000711796106770635    357,523193359375
97,254    0,000711796106770635    357,523193359375
97,344    0,000713025336153805    358,470001220703
97,434    0,000713025336153805    358,470001220703
97,524    0,000713778485078365    359,495330810547
97,614    0,000713778485078365    359,495330810547
97,704    0,000714809750206769    360,441864013672
97,794    0,000714809750206769    360,441864013672
97,884    0,000714809750206769    360,441864013672
97,974    0,000714809750206769    360,441864013672
98,064    0,000714809750206769    360,441864013672
98,154    0,000717109302058816    362,414001464844
98,244    0,000717109302058816    362,414001464844
98,334    0,000717942137271166    363,439544677734
98,424    0,000717942137271166    363,439544677734
98,514    0,000719012459740043    364,386108398438
98,604    0,000719012459740043    364,386108398438
98,694    0,00072051928145811    365,411407470703
98,784    0,00072051928145811    365,411407470703
98,874    0,000721431279089302    366,436981201172
98,964    0,000721431279089302    366,436981201172
99,054    0,000722263590432703    367,383514404297
99,144    0,000722263590432703    367,383514404297
99,234    0,000723809993360192    368,409088134766
99,324    0,000723809993360192    368,409088134766
99,414    0,000725157966371626    369,355651855469
99,504    0,000725157966371626    369,355651855469
99,594    0,000726228812709451    370,380950927734
99,684    0,000726228812709451    370,380950927734
99,774    0,000727140810340643    371,327514648438
99,864    0,000727140810340643    371,327514648438
99,954    0,000728488783352077    372,274047851563
100,043    0,000728488783352077    372,274047851563
100,133    0,000729915918782353    373,299621582031
100,223    0,000729915918782353    373,299621582031
100,313    0,000731184729374945    374,246185302734
100,403    0,000731184729374945    374,246185302734
100,493    0,000732057145796716    375,271728515625
100,583    0,000732057145796716    375,271728515625
100,673    0,00073300872463733    376,218292236328
100,763    0,00073300872463733    376,218292236328
100,853    0,000734951463527977    377,164855957031
100,943    0,000734951463527977    377,164855957031
101,032    0,000734951463527977    377,164855957031
101,122    0,000734951463527977    377,164855957031
101,212    0,000734951463527977    377,164855957031
101,302    0,000737727095838636    379,136962890625
101,392    0,000737727095838636    379,136962890625
101,482    0,000738520349841565    380,083526611328
101,571    0,000738520349841565    380,083526611328
101,661    0,000739154755137861    381,108825683594
101,751    0,000739154755137861    381,108825683594
101,841    0,000740423507522792    382,055633544922
101,931    0,000740423507522792    382,055633544922
102,021    0,00074192980537191    383,080932617188
102,11    0,00074192980537191    383,080932617188
102,2    0,000743000651709735    384,027496337891
102,29    0,000743000651709735    384,027496337891
102,38    0,000744110613595694    385,053039550781
102,469    0,000744110613595694    385,053039550781
102,559    0,000745419005397707    385,999603271484
102,649    0,000745419005397707    385,999603271484
102,739    0,000746925768908113    386,946166992188
102,829    0,000746925768908113    386,946166992188
102,919    0,000747877405956388    387,971710205078
103,008    0,000747877405956388    387,971710205078
103,098    0,000748590973671526    388,918273925781
103,188    0,000748590973671526    388,918273925781
103,278    0,000749978993553668    389,943572998047
103,367    0,000749978993553668    389,943572998047
103,457    0,000752080115489662    390,89013671875
103,547    0,000752080115489662    390,89013671875
103,637    0,000753864529542625    391,915710449219
103,727    0,000753864529542625    391,915710449219
103,817    0,000755014596506953    392,862243652344
103,907    0,000755014596506953    392,862243652344
103,997    0,000755014596506953    392,862243652344
104,087    0,000755014596506953    392,862243652344
104,177    0,000755014596506953    392,862243652344
104,267    0,000757670903112739    394,834381103516
104,357    0,000757670903112739    394,834381103516
104,447    0,000758939713705331    395,859680175781
104,537    0,000758939713705331    395,859680175781
104,627    0,00076012930367142    396,806488037109
104,717    0,00076012930367142    396,806488037109
104,807    0,000761556439101696    397,753021240234
104,897    0,000761556439101696    397,753021240234
104,987    0,000763063260819763    398,778350830078
105,077    0,000763063260819763    398,778350830078
105,166    0,000764371652621776    399,724884033203
105,256    0,000764371652621776    399,724884033203
105,346    0,000765838834922761    400,750457763672
105,436    0,000765838834922761    400,750457763672
105,525    0,000767068064305931    401,697021484375
105,615    0,000767068064305931    401,697021484375
105,705    0,000768177967984229    402,6435546875
105,795    0,000768177967984229    402,6435546875
105,885    0,000769328034948558    403,669128417969
105,975    0,000769328034948558    403,669128417969
106,065    0,000770517624914646    404,615692138672
106,155    0,000770517624914646    404,615692138672
106,245    0,000771706749219447    405,562225341797
106,335    0,000771706749219447    405,562225341797
106,425    0,000772935920394957    406,587799072266
106,515    0,000772935920394957    406,587799072266
106,605    0,00077507714740932    407,534362792969
106,695    0,00077507714740932    407,534362792969
106,785    0,000777019886299968    408,559661865234
106,875    0,000777019886299968    408,559661865234
106,965    0,000778169953264296    409,50634765625
107,055    0,000778169953264296    409,50634765625
107,145    0,000778169953264296    409,50634765625
107,235    0,000778169953264296    409,50634765625
107,325    0,000778169953264296    409,50634765625
107,415    0,000781143491622061    411,478332519531
107,505    0,000781143491622061    411,478332519531
107,595    0,000782571092713624    412,503875732422
107,685    0,000782571092713624    412,503875732422
107,775    0,000783839903306216    413,450439453125
107,865    0,000783839903306216    413,450439453125
107,955    0,00078518787631765    414,475891113281
108,045    0,00078518787631765    414,475891113281
108,135    0,000786655058618635    415,422424316406
108,225    0,000786655058618635    415,422424316406
108,315    0,000787884288001806    416,368988037109
108,405    0,000787884288001806    416,368988037109
108,495    0,000789192679803818    417,394561767578
108,585    0,000789192679803818    417,394561767578
108,675    0,000791095837485045    418,341094970703
108,765    0,000791095837485045    418,341094970703
108,855    0,000793078215792775    419,287658691406
108,945    0,000793078215792775    419,287658691406
109,035    0,00079446577001363    420,313079833984
109,125    0,00079446577001363    420,313079833984
109,214    0,000795219384599477    421,259643554688
109,304    0,000795219384599477    421,259643554688
109,394    0,000797083019278944    422,206329345703
109,484    0,000797083019278944    422,206329345703
109,574    0,000799104920588434    423,152893066406
109,664    0,000799104920588434    423,152893066406
109,754    0,000800492474809289    424,178314208984
109,844    0,000800492474809289    424,178314208984
109,934    0,000802475318778306    425,124877929688
110,024    0,000802475318778306    425,124877929688
110,114    0,000803862872999161    426,150299072266
110,204    0,000803862872999161    426,150299072266
110,294    0,000803862872999161    426,150299072266
110,384    0,000803862872999161    426,150299072266
110,474    0,000803862872999161    426,150299072266
110,564    0,000807193689979613    428,043548583984
110,654    0,000807193689979613    428,043548583984
110,744    0,000808581244200468    429,068969726563
110,834    0,000808581244200468    429,068969726563
110,924    0,000810285971965641    430,015533447266
111,014    0,000810285971965641    430,015533447266
111,104    0,000812189187854528    430,962097167969
111,194    0,000812189187854528    430,962097167969
111,284    0,000813498045317829    431,987640380859
111,374    0,000813498045317829    431,987640380859
111,464    0,000815004343166947    432,934204101563
111,554    0,000815004343166947    432,934204101563
111,644    0,000816273153759539    433,880767822266
111,734    0,000816273153759539    433,880767822266
111,824    0,000817661231849343    434,827301025391
111,914    0,000817661231849343    434,827301025391
112,004    0,000819445122033358    435,852874755859
112,094    0,000819445122033358    435,852874755859
112,184    0,000821348279714584    436,799438476563
112,274    0,000821348279714584    436,799438476563
112,364    0,000822934263851494    437,824859619141
112,454    0,000822934263851494    437,824859619141
112,544    0,000824044749606401    438,771423339844
112,634    0,000824044749606401    438,771423339844
112,724    0,000825670314952731    439,796844482422
112,814    0,000825670314952731    439,796844482422
112,904    0,000827811483759433    440,743530273438
112,994    0,000827811483759433    440,743530273438
113,084    0,0008296751184389    441,690093994141
113,174    0,0008296751184389    441,690093994141
113,264    0,00083130068378523    442,636627197266
113,354    0,00083130068378523    442,636627197266
113,444    0,000833164260257035    443,583190917969
113,535    0,000833164260257035    443,583190917969
113,625    0,000833164260257035    443,583190917969
113,714    0,000834472652059048    444,608612060547
113,804    0,000834472652059048    444,608612060547
113,894    0,000836019054986537    445,555297851563
113,984    0,000836019054986537    445,555297851563
114,074    0,000838001375086606    446,501861572266
114,164    0,000838001375086606    446,501861572266
114,254    0,00083974574226886    447,527282714844
114,344    0,00083974574226886    447,527282714844
114,434    0,000841689005028456    448,473846435547
114,524    0,000841689005028456    448,473846435547
114,614    0,000843274989165366    449,499298095703
114,704    0,000843274989165366    449,499298095703
114,794    0,000844860973302275    450,445953369141
