sec"    "mA"    "mV
0,716    -0,000532809819560498    -219,101699829102
1,375    -0,000157961243530735    -219,101699829102
2,033    -0,000100072567875031    -219,101699829102
2,691    -8,06438765721396E-5    -219,101699829102
3,35    -6,49428839096799E-5    -219,101699829102
4,008    -5,70921365579125E-5    -219,101699829102
4,679    -4,95981694257353E-5    -219,101699829102
5,102    -4,66642268293072E-5    -219,101699829102
5,188    7,53685117160785E-6    -218,312896728516
5,274    7,53685117160785E-6    -218,312896728516
5,359    7,53685117160785E-6    -218,312896728516
5,445    8,2277059846092E-5    -215,315475463867
5,531    8,2277059846092E-5    -215,315475463867
5,617    0,000113481110020075    -210,897964477539
5,703    0,000113481110020075    -210,897964477539
5,789    0,000130134198116139    -206,559463500977
5,874    0,000130134198116139    -206,559463500977
5,96    0,000142187680467032    -202,220962524414
6,046    0,000142187680467032    -202,220962524414
6,131    0,000151584827108309    -197,8037109375
6,217    0,000151584827108309    -197,8037109375
6,303    0,000159712682943791    -193,465209960938
6,389    0,000159712682943791    -193,465209960938
6,474    0,000159712682943791    -193,465209960938
6,56    0,000159712682943791    -193,465209960938
6,646    0,000159712682943791    -193,465209960938
6,732    0,000172797430423088    -184,788208007813
6,818    0,000172797430423088    -184,788208007813
6,904    0,0001780705206329    -180,44970703125
6,989    0,0001780705206329    -180,44970703125
7,075    0,000182987321750261    -176,111206054688
7,161    0,000182987321750261    -176,111206054688
7,247    0,000187705692951567    -171,693939208984
7,333    0,000187705692951567    -171,693939208984
7,418    0,000192344887182117    -167,434204101563
7,504    0,000192344887182117    -167,434204101563
7,59    0,000196309585589916    -163,174697875977
7,676    0,000196309585589916    -163,174697875977
7,762    0,000196309585589916    -163,174697875977
7,847    0,000200353970285505    -158,757202148438
7,933    0,000200353970285505    -158,757202148438
8,019    0,000203882722416893    -154,497695922852
8,105    0,000203882722416893    -154,497695922852
8,191    0,000207332312129438    -150,237945556641
8,277    0,000207332312129438    -150,237945556641
8,363    0,000210821468499489    -145,899444580078
8,448    0,000210821468499489    -145,899444580078
8,534    0,000214310639421456    -141,560943603516
8,62    0,000214310639421456    -141,560943603516
8,706    0,000217918568523601    -137,301452636719
8,791    0,000217918568523601    -137,301452636719
8,877    0,000217918568523601    -137,301452636719
8,963    0,000221170208533294    -132,962951660156
9,049    0,000221170208533294    -132,962951660156
9,135    0,000224460934987292    -128,703460693359
9,22    0,000224460934987292    -128,703460693359
9,306    0,000227950105909258    -124,364952087402
9,392    0,000227950105909258    -124,364952087402
9,478    0,000231478858040646    -120,105209350586
9,564    0,000231478858040646    -120,105209350586
9,65    0,000235166458878666    -115,845710754395
9,736    0,000235166458878666    -115,845710754395
9,822    0,000239012413658202    -111,507209777832
9,908    0,000239012413658202    -111,507209777832
9,994    0,000239012413658202    -111,507209777832
10,08    0,000239012413658202    -111,507209777832
10,166    0,000239012413658202    -111,507209777832
10,252    0,000246426701778546    -102,987968444824
10,338    0,000246426701778546    -102,987968444824
10,423    0,000250590353971347    -98,6494598388672
10,509    0,000250590353971347    -98,6494598388672
10,595    0,000254634214797989    -94,3897171020508
10,68    0,000254634214797989    -94,3897171020508
10,766    0,000258995802141726    -90,1302185058594
10,852    0,000258995802141726    -90,1302185058594
10,938    0,000263793335761875    -85,8704681396484
11,024    0,000263793335761875    -85,8704681396484
11,11    0,000268908072030172    -81,6109771728516
11,196    0,000268908072030172    -81,6109771728516
11,282    0,000268908072030172    -81,6109771728516
11,368    0,00027414207579568    -77,3514785766602
11,454    0,00027414207579568    -77,3514785766602
11,54    0,000279851636150852    -73,0917282104492
11,626    0,000279851636150852    -73,0917282104492
11,712    0,000285957532469183    -68,8322372436523
11,798    0,000285957532469183    -68,8322372436523
11,884    0,000292460346827284    -64,651496887207
11,97    0,000292460346827284    -64,651496887207
12,056    0,000299359497148544    -60,3917465209961
12,142    0,000299359497148544    -60,3917465209961
12,228    0,000306932633975521    -56,132251739502
12,314    0,000306932633975521    -56,132251739502
12,4    0,000306932633975521    -56,132251739502
12,486    0,000306932633975521    -56,132251739502
12,572    0,000306932633975521    -56,132251739502
12,658    0,000323744054185227    -47,6130065917969
12,744    0,000323744054185227    -47,6130065917969
12,83    0,000332942785462365    -43,4322624206543
12,916    0,000332942785462365    -43,4322624206543
13,002    0,000343013904057443    -39,1725158691406
13,088    0,000343013904057443    -39,1725158691406
13,174    0,000354036630596966    -34,9920272827148
13,26    0,000354036630596966    -34,9920272827148
13,346    0,000366090098395944    -30,7322769165039
13,432    0,000366090098395944    -30,7322769165039
13,518    0,000379213917767629    -26,4727821350098
13,603    0,000379213917767629    -26,4727821350098
13,689    0,000379213917767629    -26,4727821350098
13,775    0,00039380497764796    -22,2920398712158
13,86    0,00039380497764796    -22,2920398712158
13,946    0,000409387226682156    -18,0322914123535
14,032    0,000409387226682156    -18,0322914123535
14,117    0,000426317914389074    -13,8515491485596
14,203    0,000426317914389074    -13,8515491485596
14,289    0,000445151294115931    -9,67080688476563
14,375    0,000445151294115931    -9,67080688476563
14,461    0,000465769611764699    -5,41131067276001
14,546    0,000465769611764699    -5,41131067276001
14,632    0,000488568213768303    -1,23056828975677
14,717    0,000488568213768303    -1,23056828975677
14,803    0,000488568213768303    -1,23056828975677
14,888    0,000513150705955923    3,02917981147766
14,978    0,000513150705955923    3,02917981147766
15,068    0,00053975562332198    7,20966958999634
15,159    0,00053975562332198    7,20966958999634
15,248    0,000568621035199612    11,3904123306274
15,338    0,000568621035199612    11,3904123306274
15,429    0,000599785533268005    15,6501607894897
15,519    0,000599785533268005    15,6501607894897
15,608    0,000633250048849732    19,8309020996094
15,698    0,000633250048849732    19,8309020996094
15,789    0,00066873652394861    24,0116443634033
15,879    0,00066873652394861    24,0116443634033
15,969    0,000706126156728715    28,2711410522461
16,059    0,000706126156728715    28,2711410522461
16,149    0,000745101773645729    32,4518814086914
16,239    0,000745101773645729    32,4518814086914
16,329    0,000785703479778022    36,632625579834
16,419    0,000785703479778022    36,632625579834
16,509    0,000827533891424537    40,8133697509766
16,599    0,000827533891424537    40,8133697509766
16,689    0,000869800278451294    44,9941101074219
16,778    0,000869800278451294    44,9941101074219
16,868    0,000912027549929917    49,1748542785645
16,958    0,000912027549929917    49,1748542785645
17,048    0,000953619892243296    53,4343490600586
17,138    0,000953619892243296    53,4343490600586
17,228    0,000994261237792671    57,6150894165039
17,318    0,000994261237792671    57,6150894165039
17,408    0,00103331601712853    61,7170791625977
17,498    0,00103331601712853    61,7170791625977
17,588    0,00106971443165094    65,897819519043
17,678    0,00106971443165094    65,897819519043
17,768    0,00106971443165094    65,897819519043
17,858    0,00110274308826774    70,0785675048828
17,948    0,00110274308826774    70,0785675048828
18,038    0,00113228196278214    74,2593078613281
18,128    0,00113228196278214    74,2593078613281
18,218    0,00115821289364249    78,4400482177734
18,308    0,00115821289364249    78,4400482177734
18,398    0,00118037709034979    82,6207885742188
18,488    0,00118037709034979    82,6207885742188
18,578    0,00119877455290407    86,8012847900391
18,668    0,00119877455290407    86,8012847900391
18,758    0,00121289002709091    90,9032745361328
18,848    0,00121289002709091    90,9032745361328
18,938    0,00122260383795947    95,0840148925781
19,027    0,00122260383795947    95,0840148925781
19,117    0,00122914626263082    99,2647552490234
19,207    0,00122914626263082    99,2647552490234
19,297    0,00123271462507546    103,445495605469
19,387    0,00123271462507546    103,445495605469
19,477    0,00123330939095467    107,626243591309
19,567    0,00123330939095467    107,626243591309
19,657    0,0012313270708546    111,727973937988
19,747    0,0012313270708546    111,727973937988
19,837    0,00122716394253075    115,908721923828
19,927    0,00122716394253075    115,908721923828
20,017    0,00122141477186233    120,089462280273
20,107    0,00122141477186233    120,089462280273
20,197    0,00121407909318805    124,191200256348
20,287    0,00121407909318805    124,191200256348
20,377    0,00120543560478836    128,371948242188
20,467    0,00120543560478836    128,371948242188
20,557    0,00119595928117633    132,552688598633
20,647    0,00119595928117633    132,552688598633
20,737    0,00118632463272661    136,654678344727
20,827    0,00118632463272661    136,654678344727
20,917    0,00118632463272661    136,654678344727
21,007    0,00117664993740618    140,835418701172
21,097    0,00117664993740618    140,835418701172
21,187    0,00116669805720448    145,016159057617
21,277    0,00116669805720448    145,016159057617
21,367    0,00115682533942163    149,117889404297
21,457    0,00115682533942163    149,117889404297
21,547    0,00114703178405762    153,219879150391
21,637    0,00114703178405762    153,219879150391
21,727    0,00113747583236545    157,400619506836
21,817    0,00113747583236545    157,400619506836
21,907    0,00112855469342321    161,502365112305
21,997    0,00112855469342321    161,502365112305
22,087    0,00112026801798493    165,68310546875
22,177    0,00112026801798493    165,68310546875
22,268    0,00111249648034573    169,78483581543
22,357    0,00111249648034573    169,78483581543
22,447    0,00110492378007621    173,965576171875
22,537    0,00110492378007621    173,965576171875
22,627    0,00109814340248704    178,067565917969
22,717    0,00109814340248704    178,067565917969
22,807    0,00109191820956767    182,248321533203
22,897    0,00109191820956767    182,248321533203
22,987    0,00108589150477201    186,350051879883
23,077    0,00108589150477201    186,350051879883
23,167    0,00108061847276986    190,452041625977
23,257    0,00108061847276986    190,452041625977
23,347    0,00107621727511287    194,632781982422
23,437    0,00107621727511287    194,632781982422
23,527    0,00107264891266823    198,734512329102
23,616    0,00107264891266823    198,734512329102
23,706    0,00106911966577172    202,83625793457
23,796    0,00106911966577172    202,83625793457
23,886    0,0010659476974979    206,938247680664
23,976    0,0010659476974979    206,938247680664
24,066    0,0010659476974979    206,938247680664
24,156    0,00106348982080817    211,118988037109
24,246    0,00106348982080817    211,118988037109
24,336    0,00106095219962299    215,220718383789
24,426    0,00106095219962299    215,220718383789
24,516    0,00105896941386163    219,322708129883
24,606    0,00105896941386163    219,322708129883
24,696    0,00105789897497743    223,424453735352
24,786    0,00105789897497743    223,424453735352
24,876    0,00105686823371798    227,526443481445
24,966    0,00105686823371798    227,526443481445
25,056    0,00105571816675365    231,706924438477
25,145    0,00105571816675365    231,706924438477
25,235    0,00105500465724617    235,80891418457
25,325    0,00105500465724617    235,80891418457
25,415    0,00105472700670362    239,910659790039
25,505    0,00105472700670362    239,910659790039
25,594    0,0010548853315413    244,012649536133
25,684    0,0010548853315413    244,012649536133
25,774    0,00105520256329328    248,114379882813
25,864    0,00105520256329328    248,114379882813
25,954    0,00105551979504526    252,216369628906
26,044    0,00105551979504526    252,216369628906
26,134    0,00105595623608679    256,318115234375
26,224    0,00105595623608679    256,318115234375
26,314    0,001056551001966    260,420104980469
26,403    0,001056551001966    260,420104980469
26,493    0,00105766102205962    264,521820068359
26,583    0,00105766102205962    264,521820068359
26,673    0,00105857301969081    268,623565673828
26,762    0,00105857301969081    268,623565673828
26,852    0,00105908862315118    272,725555419922
26,942    0,00105908862315118    272,725555419922
27,032    0,00105908862315118    272,725555419922
27,122    0,00105908862315118    272,725555419922
27,212    0,00105908862315118    272,725555419922
27,302    0,00106154649984092    280,929260253906
27,392    0,00106154649984092    280,929260253906
27,482    0,00106293451972306    285,031005859375
27,572    0,00106293451972306    285,031005859375
27,662    0,00106452056206763    289,132995605469
27,752    0,00106452056206763    289,132995605469
27,842    0,00106654246337712    293,234741210938
27,932    0,00106654246337712    293,234741210938
28,022    0,0010688821785152    297,336456298828
28,112    0,0010688821785152    297,336456298828
28,202    0,00107141968328506    301,359436035156
28,292    0,00107141968328506    301,359436035156
28,382    0,00107379839755595    305,46142578125
28,472    0,00107379839755595    305,46142578125
28,562    0,00107625685632229    309,563171386719
28,652    0,00107625685632229    309,563171386719
28,742    0,00107915117405355    313,665161132813
28,832    0,00107915117405355    313,665161132813
28,922    0,0010822043986991    317,766906738281
29,012    0,0010822043986991    317,766906738281
29,102    0,00108577276114374    321,789886474609
29,192    0,00108577276114374    321,789886474609
29,282    0,00108973798342049    325,891876220703
29,372    0,00108973798342049    325,891876220703
29,462    0,00109370262362063    329,993621826172
29,552    0,00109370262362063    329,993621826172
29,642    0,00109739031177014    334,095336914063
29,732    0,00109739031177014    334,095336914063
29,822    0,00110103783663362    338,118316650391
29,912    0,00110103783663362    338,118316650391
30,002    0,00110524101182818    342,220306396484
30,092    0,00110524101182818    342,220306396484
30,182    0,00110972137190402    346,243286132813
30,272    0,00110972137190402    346,243286132813
30,362    0,00110972137190402    346,243286132813
30,452    0,00111404282506555    350,345031738281
30,542    0,00111404282506555    350,345031738281
30,632    0,00111848360393196    354,368011474609
30,722    0,00111848360393196    354,368011474609
30,812    0,00112304359208792    358,470001220703
30,902    0,00112304359208792    358,470001220703
30,992    0,00112764269579202    362,571746826172
31,082    0,00112764269579202    362,571746826172
31,172    0,00113240070641041    366,5947265625
31,262    0,00113240070641041    366,5947265625
31,352    0,00113747583236545    370,696472167969
31,442    0,00113747583236545    370,696472167969
31,532    0,00114286819007248    374,719451904297
31,623    0,00114286819007248    374,719451904297
31,713    0,00114830059465021    378,821441650391
31,803    0,00114830059465021    378,821441650391
31,892    0,00115401018410921    382,844421386719
31,982    0,00115401018410921    382,844421386719
32,072    0,00115995726082474    386,867401123047
32,162    0,00115995726082474    386,867401123047
32,252    0,00116610329132527    390,969146728516
32,342    0,00116610329132527    390,969146728516
32,432    0,00117256597150117    394,992126464844
32,522    0,00117256597150117    394,992126464844
32,612    0,00117914786096662    399,015106201172
32,702    0,00117914786096662    399,015106201172
32,792    0,00118561112321913    403,116851806641
32,886    0,00118561112321913    403,116851806641
32,975    0,00108525715768337    405,720001220703
33,063    0,00108525715768337    405,720001220703
33,151    0,000923367450013757    403,984649658203
33,239    0,000923367450013757    403,984649658203
33,328    0,000923367450013757    403,984649658203
33,416    0,000836336228530854    399,330627441406
33,504    0,000836336228530854    399,330627441406
33,593    0,00078720977762714    394,597595214844
33,681    0,00078720977762714    394,597595214844
33,769    0,000750652980059385    390,022583007813
33,857    0,000750652980059385    390,022583007813
33,946    0,00072091567562893    385,368560791016
34,034    0,00072091567562893    385,368560791016
34,123    0,000695341441314667    380,793304443359
34,211    0,000695341441314667    380,793304443359
34,3    0,000672622059937567    376,218292236328
34,388    0,000672622059937567    376,218292236328
34,477    0,000652043847367167    371,643035888672
34,565    0,000652043847367167    371,643035888672
34,653    0,000633250048849732    367,067993164063
34,742    0,000633250048849732    367,067993164063
34,83    0,000616002129390836    362,571746826172
34,918    0,000616002129390836    362,571746826172
35,007    0,000599944381974638    357,996490478516
35,095    0,000599944381974638    357,996490478516
35,184    0,00058463925961405    353,500213623047
35,272    0,00058463925961405    353,500213623047
35,36    0,00058463925961405    353,500213623047
35,448    0,000570127391256392    349,003967285156
35,536    0,000570127391256392    349,003967285156
35,625    0,00055597280152142    344,428955078125
35,713    0,00055597280152142    344,428955078125
35,801    0,000542214023880661    339,932678222656
35,89    0,000542214023880661    339,932678222656
35,978    0,000529050652403384    335,436431884766
36,066    0,000529050652403384    335,436431884766
36,155    0,000516441941726953    330,940155029297
36,243    0,000516441941726953    330,940155029297
36,331    0,000504784809891135    326,443908691406
36,419    0,000504784809891135    326,443908691406
36,508    0,000493643339723349    321,947631835938
36,596    0,000493643339723349    321,947631835938
36,684    0,000482382602058351    317,530395507813
36,772    0,000482382602058351    317,530395507813
36,861    0,000471201521577314    313,034118652344
36,949    0,000471201521577314    313,034118652344
37,037    0,000459901202702895    308,537872314453
37,125    0,000459901202702895    308,537872314453
37,214    0,000459901202702895    308,537872314453
37,302    0,000448878476163372    304,041595458984
37,39    0,000448878476163372    304,041595458984
37,479    0,000438371411291882    299,624084472656
37,567    0,000438371411291882    299,624084472656
37,655    0,000428102328442037    295,127838134766
37,744    0,000428102328442037    295,127838134766
37,832    0,000417832779930905    290,710571289063
37,92    0,000417832779930905    290,710571289063
38,008    0,000407286104746163    286,214324951172
38,097    0,000407286104746163    286,214324951172
38,185    0,000397056137444451    281,796813964844
38,273    0,000397056137444451    281,796813964844
38,361    0,000387461041100323    277,300567626953
38,45    0,000387461041100323    277,300567626953
38,538    0,000378143595298752    272,88330078125
38,626    0,000378143595298752    272,88330078125
38,714    0,000369024055544287    268,465789794922
38,803    0,000369024055544287    268,465789794922
38,891    0,000360063364496455    264,048553466797
38,979    0,000360063364496455    264,048553466797
39,068    0,000360063364496455    264,048553466797
39,156    0,000351261027390137    259,552307128906
39,244    0,000351261027390137    259,552307128906
39,332    0,000342260231263936    255,134780883789
39,421    0,000342260231263936    255,134780883789
39,509    0,000333220377797261    250,717529296875
39,598    0,000333220377797261    250,717529296875
39,686    0,000324418040690944    246,300277709961
39,775    0,000324418040690944    246,300277709961
39,863    0,000315536541165784    241,882766723633
39,952    0,000315536541165784    241,882766723633
40,04    0,0003068930527661    237,465515136719
40,129    0,0003068930527661    237,465515136719
40,217    0,000298487080726773    233,048004150391
40,305    0,000298487080726773    233,048004150391
40,394    0,000290121184661984    228,630752563477
40,482    0,000290121184661984    228,630752563477
40,571    0,000281873566564173    224,213241577148
40,659    0,000281873566564173    224,213241577148
40,748    0,000273586862022057    219,795989990234
40,837    0,000273586862022057    219,795989990234
40,925    0,000265260576270521    215,378479003906
41,014    0,000265260576270521    215,378479003906
41,102    0,000265260576270521    215,378479003906
41,19    0,000256854604231194    211,039978027344
41,279    0,000256854604231194    211,039978027344
41,367    0,000248329888563603    206,62272644043
41,456    0,000248329888563603    206,62272644043
41,545    0,00023972598137334    202,205215454102
41,633    0,00023972598137334    202,205215454102
41,722    0,000230923629715107    197,787963867188
41,81    0,000230923629715107    197,787963867188
41,899    0,000221923357457854    193,370452880859
41,987    0,000221923357457854    193,370452880859
42,076    0,000212803832255304    188,953201293945
42,164    0,000212803832255304    188,953201293945
42,253    0,000203486357349902    184,614700317383
42,341    0,000203486357349902    184,614700317383
42,43    0,000193454819964245    180,197189331055
42,518    0,000193454819964245    180,197189331055
42,607    0,000182788877282292    175,858947753906
42,695    0,000182788877282292    175,858947753906
42,784    0,000171330204466358    171,441436767578
42,872    0,000171330204466358    171,441436767578
42,96    0,000171330204466358    171,441436767578
43,049    0,000171330204466358    171,441436767578
43,137    0,000171330204466358    171,441436767578
43,226    0,000145280486322008    162,606674194336
43,314    0,000145280486322008    162,606674194336
43,403    0,000130768588860519    158,268173217773
43,491    0,000130768588860519    158,268173217773
43,579    0,000114987924462184    153,850921630859
43,668    0,000114987924462184    153,850921630859
43,756    9,75816801656038E-5    149,512420654297
43,844    9,75816801656038E-5    149,512420654297
43,933    7,87878962000832E-5    145,094909667969
44,021    7,87878962000832E-5    145,094909667969
44,11    5,8209687267663E-5    140,756408691406
44,198    5,8209687267663E-5    140,756408691406
44,286    3,53314171661623E-5    136,339157104492
44,375    3,53314171661623E-5    136,339157104492
44,463    1,02332787719206E-5    132,00065612793
44,551    1,02332787719206E-5    132,00065612793
44,64    -1,74024353327695E-5    127,583145141602
44,729    -1,74024353327695E-5    127,583145141602
44,817    -4,7972600441426E-5    123,244644165039
44,905    -4,7972600441426E-5    123,244644165039
44,994    -4,7972600441426E-5    123,244644165039
45,083    -8,15162929939106E-5    118,827392578125
45,171    -8,15162929939106E-5    118,827392578125
45,259    -0,00011827154958155    114,488883972168
45,348    -0,00011827154958155    114,488883972168
45,436    -0,00015847638132982    110,150382995605
45,525    -0,00015847638132982    110,150382995605
45,613    -0,00020201203005854    105,733131408691
45,702    -0,00020201203005854    105,733131408691
45,79    -0,00024867954198271    101,394630432129
45,878    -0,00024867954198271    101,394630432129
45,967    -0,000298598723020405    97,0561294555664
46,055    -0,000298598723020405    97,0561294555664
46,144    -0,000351174239767715    92,7176284790039
46,232    -0,000351174239767715    92,7176284790039
46,321    -0,000405335740651935    88,3001174926758
46,409    -0,000405335740651935    88,3001174926758
46,497    -0,000461004034150392    83,9616165161133
46,586    -0,000461004034150392    83,9616165161133
46,674    -0,000517584325280041    79,6231155395508
46,762    -0,000517584325280041    79,6231155395508
46,851    -0,000574045872781426    75,2846145629883
46,939    -0,000574045872781426    75,2846145629883
47,027    -0,000574045872781426    75,2846145629883
47,116    -0,000628881389275193    70,8673629760742
47,204    -0,000628881389275193    70,8673629760742
47,293    -0,000681218865793198    66,5288619995117
47,381    -0,000681218865793198    66,5288619995117
47,469    -0,000730345025658607    62,190357208252
47,558    -0,000730345025658607    62,190357208252
47,646    -0,000775070046074688    57,8518562316895
47,734    -0,000775070046074688    57,8518562316895
47,823    -0,00081456103362143    53,513355255127
47,911    -0,00081456103362143    53,513355255127
48    -0,000848461757414043    49,0958480834961
48,088    -0,000848461757414043    49,0958480834961
48,177    -0,00087597849778831    44,7575988769531
48,265    -0,00087597849778831    44,7575988769531
48,354    -0,000896517129149288    40,4190979003906
48,442    -0,000896517129149288    40,4190979003906
48,53    -0,000911306589841843    36,0805931091309
48,619    -0,000911306589841843    36,0805931091309
48,707    -0,000920148508157581    31,742094039917
48,796    -0,000920148508157581    31,742094039917
48,884    -0,000920148508157581    31,742094039917
48,973    -0,000923399697057903    27,4035911560059
49,061    -0,000923399697057903    27,4035911560059
49,15    -0,000922170467674732    23,0650901794434
49,238    -0,000922170467674732    23,0650901794434
49,326    -0,000917016121093184    18,7265892028809
49,414    -0,000917016121093184    18,7265892028809
49,503    -0,000908055226318538    14,388087272644
49,592    -0,000908055226318538    14,388087272644
49,68    -0,000896001700311899    10,0495862960815
49,769    -0,000896001700311899    10,0495862960815
49,857    -0,000881807063706219    5,71108436584473
49,946    -0,000881807063706219    5,71108436584473
50,034    -0,000865788606461138    1,37258303165436
50,123    -0,000865788606461138    1,37258303165436
50,211    -0,000848659954499453    -2,96591854095459
50,306    -0,000848659954499453    -2,96591854095459
50,401    -0,000830777920782566    -7,30441999435425
50,496    -0,000830777920782566    -7,30441999435425
50,591    -0,000812895887065679    -11,6429214477539
50,686    -0,000812895887065679    -11,6429214477539
50,781    -0,000795172469224781    -15,9814224243164
50,876    -0,000795172469224781    -15,9814224243164
50,971    -0,000776854227297008    -20,3199253082275
51,066    -0,000776854227297008    -20,3199253082275
51,161    -0,000758972193580121    -24,65842628479
51,256    -0,000758972193580121    -24,65842628479
51,351    -0,000741922704037279    -28,9969272613525
51,446    -0,000741922704037279    -28,9969272613525
51,541    -0,000725309480912983    -33,3354301452637
51,636    -0,000725309480912983    -33,3354301452637
51,731    -0,000709449639543891    -37,6739311218262
51,826    -0,000709449639543891    -37,6739311218262
51,921    -0,000694065587595105    -42,0124320983887
52,016    -0,000694065587595105    -42,0124320983887
52,111    -0,000679593300446868    -46,3509330749512
52,206    -0,000679593300446868    -46,3509330749512
52,301    -0,000666072592139244    -50,6104278564453
52,396    -0,000666072592139244    -50,6104278564453
52,491    -0,000653027906082571    -54,9489288330078
52,587    -0,000653027906082571    -54,9489288330078
52,682    -0,000640538462903351    -59,2874336242676
52,777    -0,000640538462903351    -59,2874336242676
52,873    -0,000640538462903351    -59,2874336242676
52,967    -0,000617739860899746    -67,9644317626953
53,062    -0,000617739860899746    -67,9644317626953
53,157    -0,000607391120865941    -72,3029327392578
53,252    -0,000607391120865941    -72,3029327392578
53,347    -0,00059763720491901    -76,6414413452148
53,442    -0,00059763720491901    -76,6414413452148
53,537    -0,0005882796831429    -80,9799423217773
53,632    -0,0005882796831429    -80,9799423217773
53,727    -0,000579675775952637    -85,3184432983398
53,822    -0,000579675775952637    -85,3184432983398
53,917    -0,000571627053432167    -89,5779342651367
54,012    -0,000571627053432167    -89,5779342651367
54,107    -0,000563895097002387    -93,9164352416992
54,202    -0,000563895097002387    -93,9164352416992
54,297    -0,00055675843032077    -98,2549362182617
54,392    -0,00055675843032077    -98,2549362182617
54,487    -0,000549977994523942    -102,593444824219
54,581    -0,000549977994523942    -102,593444824219
54,676    -0,000543554895557463    -106,853187561035
54,771    -0,000543554895557463    -106,853187561035
54,866    -0,000537646934390068    -111,191688537598
54,961    -0,000537646934390068    -111,191688537598
55,056    -0,000532175414264202    -115,451187133789
55,15    -0,000532175414264202    -115,451187133789
55,245    -0,000526862218976021    -119,789688110352
55,34    -0,000526862218976021    -119,789688110352
55,434    -0,000522025104146451    -124,128189086914
55,529    -0,000522025104146451    -124,128189086914
55,623    -0,000517623906489462    -128,387680053711
55,718    -0,000517623906489462    -128,387680053711
55,812    -0,000513183185830712    -132,726181030273
55,907    -0,000513183185830712    -132,726181030273
56,002    -0,000508980418089777    -137,064682006836
56,097    -0,000508980418089777    -137,064682006836
56,192    -0,000505412113852799    -141,403182983398
56,286    -0,000505412113852799    -141,403182983398
56,381    -0,000502279726788402    -145,741683959961
56,476    -0,000502279726788402    -145,741683959961
56,571    -0,000499266083352268    -150,080184936523
56,665    -0,000499266083352268    -150,080184936523
56,76    -0,000499266083352268    -150,080184936523
56,855    -0,000493556552100927    -158,678436279297
56,95    -0,000493556552100927    -158,678436279297
57,045    -0,0004912965814583    -162,937942504883
57,139    -0,0004912965814583    -162,937942504883
57,234    -0,000489234575070441    -167,276443481445
57,329    -0,000489234575070441    -167,276443481445
57,424    -0,000487490236992016    -171,614944458008
57,519    -0,000487490236992016    -171,614944458008
57,614    -0,00048598341527395    -175,874694824219
57,709    -0,00048598341527395    -175,874694824219
57,804    -0,000484635442262515    -180,213195800781
57,899    -0,000484635442262515    -180,213195800781
57,994    -0,000483644282212481    -184,55143737793
58,088    -0,000483644282212481    -184,55143737793
58,183    -0,000482930714497343    -188,889938354492
58,278    -0,000482930714497343    -188,889938354492
58,373    -0,000482454663142562    -193,149688720703
58,468    -0,000482454663142562    -193,149688720703
58,562    -0,000482058298075572    -197,488189697266
58,657    -0,000482058298075572    -197,488189697266
58,752    -0,00048193903057836    -201,826690673828
58,845    -0,00048193903057836    -201,826690673828
58,93    -0,000405772181693465    -205,376403808594
59,016    -0,000405772181693465    -205,376403808594
59,102    -0,00025633187033236    -204,587600708008
59,187    -0,00025633187033236    -204,587600708008
59,273    -0,000158555543748662    -200,091339111328
59,358    -0,000158555543748662    -200,091339111328
59,444    -0,000158555543748662    -200,091339111328
59,529    -0,000158555543748662    -200,091339111328
59,615    -0,000158555543748662    -200,091339111328
59,7    -8,87326532392763E-5    -191,098815917969
59,786    -8,87326532392763E-5    -191,098815917969
59,872    -6,59340657875873E-5    -186,602554321289
59,957    -6,59340657875873E-5    -186,602554321289
60,042    -4,68225698568858E-5    -182,18505859375
60,128    -4,68225698568858E-5    -182,18505859375
60,214    -3,04475997836562E-5    -177,68879699707
60,299    -3,04475997836562E-5    -177,68879699707
60,385    -1,58560378622497E-5    -173,271530151367
60,471    -1,58560378622497E-5    -173,271530151367
60,557    -2,4941823539848E-6    -168,775283813477
60,642    -2,4941823539848E-6    -168,775283813477
60,728    -2,4941823539848E-6    -168,775283813477
60,814    9,32127386477077E-6    -164,357772827148
60,9    9,32127386477077E-6    -164,357772827148
60,985    2,03044055524515E-5    -160,019271850586
61,071    2,03044055524515E-5    -160,019271850586
61,157    3,05338762700558E-5    -155,602020263672
61,242    3,05338762700558E-5    -155,602020263672
61,328    4,01289580622688E-5    -151,184509277344
61,413    4,01289580622688E-5    -151,184509277344
61,499    4,93677580379881E-5    -146,76725769043
61,585    4,93677580379881E-5    -146,76725769043
61,67    5,80112464376725E-5    -142,428756713867
61,756    5,80112464376725E-5    -142,428756713867
61,842    5,80112464376725E-5    -142,428756713867
61,928    6,61791927996092E-5    -138,011489868164
62,013    6,61791927996092E-5    -138,011489868164
62,099    7,41882904549129E-5    -133,672988891602
62,185    7,41882904549129E-5    -133,672988891602
62,27    8,19202759885229E-5    -129,255493164063
62,356    8,19202759885229E-5    -129,255493164063
62,441    8,94533222890459E-5    -124,916984558105
62,527    8,94533222890459E-5    -124,916984558105
62,613    9,68681197264232E-5    -120,578483581543
62,699    9,68681197264232E-5    -120,578483581543
62,785    0,000104163642390631    -116,23998260498
62,87    0,000104163642390631    -116,23998260498
62,956    0,000104163642390631    -116,23998260498
63,042    0,000111380002635997    -111,822723388672
63,128    0,000111380002635997    -111,822723388672
63,214    0,000118516676593572    -107,484222412109
63,299    0,000118516676593572    -107,484222412109
63,385    0,000125415841466747    -103,145721435547
63,471    0,000125415841466747    -103,145721435547
63,556    0,000132433749968186    -98,8072204589844
63,642    0,000132433749968186    -98,8072204589844
63,728    0,000139729279908352    -94,4687194824219
63,813    0,000139729279908352    -94,4687194824219
63,899    0,000147144077345729    -90,1302185058594
63,985    0,000147144077345729    -90,1302185058594
64,071    0,000147144077345729    -90,1302185058594
64,157    0,000154439607285894    -85,8704681396484
64,243    0,000154439607285894    -85,8704681396484
64,328    0,00016189347661566    -81,5319671630859
64,414    0,00016189347661566    -81,5319671630859
64,5    0,000169823397300206    -77,193717956543
64,586    0,000169823397300206    -77,193717956543
64,672    0,000177872585481964    -72,8552169799805
64,758    0,000177872585481964    -72,8552169799805
64,844    0,000186000441317447    -68,5954742431641
64,929    0,000186000441317447    -68,5954742431641
65,015    0,000194644439034164    -64,2569732666016
65,101    0,000194644439034164    -64,2569732666016
65,187    0,000203763964236714    -59,9974746704102
65,273    0,000203763964236714    -59,9974746704102
65,359    0,000203763964236714    -59,9974746704102
65,446    0,000213121020351537    -55,6589736938477
65,532    0,000213121020351537    -55,6589736938477
65,618    0,000222874950850382    -51,3992233276367
65,704    0,000222874950850382    -51,3992233276367
65,79    0,000233104423386976    -47,0607223510742
65,876    0,000233104423386976    -47,0607223510742
65,962    0,000244047972955741    -42,8012275695801
66,048    0,000244047972955741    -42,8012275695801
66,133    0,000256022292887792    -38,4627265930176
66,219    0,000256022292887792    -38,4627265930176
66,305    0,000268908072030172    -34,2029762268066
66,391    0,000268908072030172    -34,2029762268066
66,477    0,000268908072030172    -34,2029762268066
66,563    0,00028262723935768    -29,9434814453125
66,649    0,00028262723935768    -29,9434814453125
66,734    0,000297456310363486    -25,6839866638184
66,82    0,000297456310363486    -25,6839866638184
66,906    0,000313276570523158    -21,4242382049561
66,992    0,000313276570523158    -21,4242382049561
67,078    0,000330444774590433    -17,1647415161133
67,163    0,000330444774590433    -17,1647415161133
67,249    0,000349318259395659    -12,8262405395508
67,335    0,000349318259395659    -12,8262405395508
67,42    0,000369936053175479    -8,56649303436279
67,506    0,000369936053175479    -8,56649303436279
67,592    0,000369936053175479    -8,56649303436279
67,678    0,000369936053175479    -8,56649303436279
67,763    0,000369936053175479    -8,56649303436279
67,849    0,000417119212215766    -0,0472488515079021
67,935    0,000417119212215766    -0,0472488515079021
68,021    0,000443486147560179    4,21224689483643
68,111    0,000443486147560179    4,21224689483643
68,201    0,000471915089292452    8,47199535369873
68,291    0,000471915089292452    8,47199535369873
68,381    0,000502445676829666    12,7314910888672
68,471    0,000502445676829666    12,7314910888672
68,561    0,000535394588951021    16,9912395477295
68,651    0,000535394588951021    16,9912395477295
68,741    0,000570761738345027    21,2507343292236
68,83    0,000570761738345027    21,2507343292236
68,92    0,000608032627496868    25,4314765930176
69,01    0,000608032627496868    25,4314765930176
69,1    0,00064692908199504    29,6909732818604
69,191    0,00064692908199504    29,6909732818604
69,28    0,0006877287523821    33,9507217407227
69,37    0,0006877287523821    33,9507217407227
69,46    0,000730035186279565    38,2102165222168
69,55    0,000730035186279565    38,2102165222168
69,64    0,000772460422012955    42,4699630737305
69,73    0,000772460422012955    42,4699630737305
69,82    0,000815123610664159    46,650707244873
69,91    0,000815123610664159    46,650707244873
70    0,000815123610664159    46,650707244873
70,09    0,000815123610664159    46,650707244873
70,18    0,000815123610664159    46,650707244873
70,27    0,000899101607501507    55,0909461975098
70,36    0,000899101607501507    55,0909461975098
70,45    0,000938791316002607    59,3506927490234
70,54    0,000938791316002607    59,3506927490234
70,63    0,000975863775238395    63,6101875305176
70,72    0,000975863775238395    63,6101875305176
70,81    0,00101091375108808    67,7909317016602
70,899    0,00101091375108808    67,7909317016602
70,989    0,00104235636536032    72,0504302978516
71,079    0,00104235636536032    72,0504302978516
71,169    0,00106987333856523    76,2311706542969
71,259    0,00106987333856523    76,2311706542969
71,349    0,00109358387999237    80,4119110107422
71,439    0,00109358387999237    80,4119110107422
71,529    0,00111293292138726    84,6716613769531
71,619    0,00111293292138726    84,6716613769531
71,709    0,00112819799687713    88,8524017333984
71,799    0,00112819799687713    88,8524017333984
71,889    0,00113981543108821    93,1119003295898
71,979    0,00113981543108821    93,1119003295898
72,069    0,00114774540998042    97,2926406860352
72,159    0,00114774540998042    97,2926406860352
72,249    0,00115190853830427    101,47338104248
72,339    0,00115190853830427    101,47338104248
72,429    0,00115317734889686    105,733131408691
72,519    0,00115317734889686    105,733131408691
72,609    0,00115175021346658    109,913619995117
72,699    0,00115175021346658    109,913619995117
72,789    0,0011479037348181    114,094360351563
72,879    0,0011479037348181    114,094360351563
72,969    0,00114223384298384    118,354110717773
73,059    0,00114223384298384    118,354110717773
73,149    0,00114223384298384    118,354110717773
73,239    0,00114223384298384    118,354110717773
73,329    0,00114223384298384    118,354110717773
73,419    0,00112665153574198    126,715599060059
73,509    0,00112665153574198    126,715599060059
73,599    0,00111745286267251    130,97509765625
73,689    0,00111745286267251    130,97509765625
73,778    0,00110761972609907    135,155838012695
73,868    0,00110761972609907    135,155838012695
73,958    0,00109766784589738    139,336578369141
74,048    0,00109766784589738    139,336578369141
74,138    0,00108779466245323    143,438568115234
74,228    0,00108779466245323    143,438568115234
74,318    0,00107796164229512    147,619049072266
74,408    0,00107796164229512    147,619049072266
74,498    0,00106785085517913    151,878799438477
74,588    0,00106785085517913    151,878799438477
74,678    0,00105821620672941    156,059539794922
74,767    0,00105821620672941    156,059539794922
74,857    0,00104925548657775    160,240295410156
74,947    0,00104925548657775    160,240295410156
75,037    0,00104077032301575    164,421035766602
75,126    0,00104077032301575    164,421035766602
75,216    0,00103303836658597    168,522766113281
75,306    0,00103303836658597    168,522766113281
75,396    0,00102594133932143    172,703506469727
75,485    0,00102594133932143    172,703506469727
75,575    0,00101931975223124    176,884246826172
75,665    0,00101931975223124    176,884246826172
75,755    0,00101337220985442    181,065002441406
75,845    0,00101337220985442    181,065002441406
75,934    0,00100786110851914    185,245742797852
76,024    0,00100786110851914    185,245742797852
76,114    0,00100294430740178    189,426483154297
76,204    0,00100294430740178    189,426483154297
76,294    0,00100294430740178    189,426483154297
76,384    0,000998662319034338    193,607223510742
76,474    0,000998662319034338    193,607223510742
76,563    0,000994578353129327    197,708953857422
76,653    0,000994578353129327    197,708953857422
76,743    0,000991247594356537    201,889694213867
76,833    0,000991247594356537    201,889694213867
76,922    0,000988432439044118    206,070449829102
77,012    0,000988432439044118    206,070449829102
77,102    0,000986251630820334    210,251190185547
77,192    0,000986251630820334    210,251190185547
77,281    0,000984626007266343    214,431930541992
77,371    0,000984626007266343    214,431930541992
77,461    0,000982960918918252    218,612670898438
77,551    0,000982960918918252    218,612670898438
77,641    0,000982009223662317    222,714660644531
77,731    0,000982009223662317    222,714660644531
77,821    0,000981493620201945    226,895156860352
77,911    0,000981493620201945    226,895156860352
78,001    0,000981097226031125    231,075897216797
78,091    0,000981097226031125    231,075897216797
78,18    0,000980899319984019    235,177886962891
78,27    0,000980899319984019    235,177886962891
78,36    0,000980978482402861    239,358627319336
78,45    0,000980978482402861    239,358627319336
78,54    0,000981612945906818    243,539367675781
78,63    0,000981612945906818    243,539367675781
78,72    0,000982604105956852    247,641098022461
78,81    0,000982604105956852    247,641098022461
78,899    0,000983476522378623    251,821838378906
78,989    0,000983476522378623    251,821838378906
79,079    0,000984110869467258    255,923828125
79,168    0,000984110869467258    255,923828125
79,258    0,000984110869467258    255,923828125
79,348    0,000984745332971215    260,104583740234
79,437    0,000984745332971215    260,104583740234
79,527    0,000985696911811829    264,206298828125
79,617    0,000985696911811829    264,206298828125
79,707    0,000987044884823263    268,387054443359
79,796    0,000987044884823263    268,387054443359
79,886    0,000988551648333669    272,48876953125
79,976    0,000988551648333669    272,48876953125
80,066    0,000990335596725345    276,669525146484
80,155    0,000990335596725345    276,669525146484
80,245    0,00099219917319715    280,771514892578
80,335    0,00099219917319715    280,771514892578
80,425    0,000994300819002092    284,873229980469
80,514    0,000994300819002092    284,873229980469
80,604    0,000996838323771954    289,053985595703
80,694    0,000996838323771954    289,053985595703
80,784    0,000999336363747716    293,155975341797
80,873    0,000999336363747716    293,155975341797
80,963    0,00100199272856116    297,257720947266
81,053    0,00100199272856116    297,257720947266
81,143    0,00100460997782648    301,359436035156
81,233    0,00100460997782648    301,359436035156
81,323    0,00100750429555774    305,540191650391
81,412    0,00100750429555774    305,540191650391
81,502    0,00101059663575143    309,642181396484
81,592    0,00101059663575143    309,642181396484
81,682    0,001013332628645    313,743927001953
81,772    0,001013332628645    313,743927001953
81,862    0,00101682171225548    317,845916748047
81,951    0,00101682171225548    317,845916748047
82,041    0,00102066772524267    321,947631835938
82,131    0,00102066772524267    321,947631835938
82,221    0,00102066772524267    321,947631835938
82,31    0,00102435529697686    326,049621582031
82,4    0,00102435529697686    326,049621582031
82,49    0,00102824089117348    330,1513671875
82,579    0,00102824089117348    330,1513671875
82,669    0,00103204720653594    334,253112792969
82,759    0,00103204720653594    334,253112792969
82,849    0,00103621033485979    338,355102539063
82,939    0,00103621033485979    338,355102539063
83,029    0,00104045320767909    342,456817626953
83,119    0,00104045320767909    342,456817626953
83,209    0,00104521110188216    346,558807373047
83,298    0,00104521110188216    346,558807373047
83,388    0,00105008785612881    350,660552978516
83,478    0,00105008785612881    350,660552978516
83,568    0,00105484575033188    354,762542724609
83,658    0,00105484575033188    354,762542724609
83,748    0,00105992099270225    358,864288330078
83,837    0,00105992099270225    358,864288330078
83,927    0,0010653929784894    362,966003417969
84,017    0,0010653929784894    362,966003417969
84,107    0,00107130047399551    367,067993164063
84,197    0,00107130047399551    367,067993164063
84,287    0,00107732717879117    371,169738769531
84,377    0,00107732717879117    371,169738769531
84,467    0,00108359195291996    375,271728515625
84,557    0,00108359195291996    375,271728515625
84,647    0,00108985672704875    379,373474121094
84,737    0,00108985672704875    379,373474121094
84,827    0,00109600217547268    383,475463867188
84,917    0,00109600217547268    383,475463867188
85,007    0,00110202899668366    387,577209472656
85,096    0,00110202899668366    387,577209472656
85,186    0,00110202899668366    387,577209472656
85,276    0,00110202899668366    387,577209472656
85,366    0,00110202899668366    387,577209472656
85,455    0,00111622363328934    395,701904296875
85,545    0,00111622363328934    395,701904296875
85,635    0,0011233608238399    399,803894042969
85,725    0,0011233608238399    399,803894042969
85,815    0,00113077508285642    403,905639648438
85,909    0,00113077508285642    403,905639648438
85,997    0,00108866707887501    407,613098144531
86,085    0,00108866707887501    407,613098144531
86,174    0,000940297613851726    407,139831542969
86,262    0,000940297613851726    407,139831542969
86,35    0,000806321273557842    402,6435546875
86,438    0,000806321273557842    402,6435546875
86,527    0,000753824948333204    397,989562988281
86,615    0,000753824948333204    397,989562988281
86,703    0,000716633221600205    393,414520263672
86,792    0,000716633221600205    393,414520263672
86,88    0,000687133928295225    388,760528564453
86,968    0,000687133928295225    388,760528564453
87,056    0,000662075355648994    384,185241699219
87,144    0,000662075355648994    384,185241699219
87,233    0,000639554404187948    379,610229492188
87,321    0,000639554404187948    379,610229492188
87,409    0,000639554404187948    379,610229492188
87,497    0,000639554404187948    379,610229492188
87,586    0,000639554404187948    379,610229492188
87,674    0,000601054343860596    370,4599609375
87,762    0,000601054343860596    370,4599609375
87,85    0,000584124121814966    365,963684082031
87,939    0,000584124121814966    365,963684082031
88,027    0,000568303861655295    361,388427734375
88,115    0,000568303861655295    361,388427734375
88,204    0,000553395599126816    356,892181396484
88,292    0,000553395599126816    356,892181396484
88,38    0,000539280124939978    352,395904541016
88,468    0,000539280124939978    352,395904541016
88,557    0,00052564061479643    347,899658203125
88,645    0,00052564061479643    347,899658203125
88,733    0,000512833474203944    343,403381347656
88,822    0,000512833474203944    343,403381347656
88,91    0,00050050241407007    338,907135009766
88,998    0,00050050241407007    338,907135009766
89,086    0,000488171295728534    334,410858154297
89,174    0,000488171295728534    334,410858154297
89,263    0,000488171295728534    334,410858154297
89,351    0,000488171295728534    334,410858154297
89,439    0,000488171295728534    334,410858154297
89,527    0,000465571152744815    325,418334960938
89,616    0,000465571152744815    325,418334960938
89,704    0,000454786466434598    320,922088623047
89,792    0,000454786466434598    320,922088623047
89,88    0,000443882512627169    316,504821777344
89,969    0,000443882512627169    316,504821777344
90,057    0,000433137407526374    312,008575439453
90,145    0,000433137407526374    312,008575439453
90,233    0,000422987097408623    307,512298583984
90,322    0,000422987097408623    307,512298583984
90,41    0,000412956054788083    303,095062255859
90,498    0,000412956054788083    303,095062255859
90,587    0,000402924517402425    298,598785400391
90,675    0,000402924517402425    298,598785400391
90,763    0,000393210182664916    294,181274414063
90,852    0,000393210182664916    294,181274414063
90,94    0,000383773440262303    289,764038085938
91,028    0,000383773440262303    289,764038085938
91,116    0,000374257535440847    285,267761230469
91,205    0,000374257535440847    285,267761230469
91,293    0,000374257535440847    285,267761230469
91,381    0,000364662468200549    280,850250244141
91,47    0,000364662468200549    280,850250244141
91,558    0,000355780939571559    276,433013916016
91,646    0,000355780939571559    276,433013916016
91,735    0,000346780667314306    272,015502929688
91,823    0,000346780667314306    272,015502929688
91,911    0,000337462697643787    267,598236083984
91,999    0,000337462697643787    267,598236083984
92,088    0,000328343157889321    263,101989746094
92,176    0,000328343157889321    263,101989746094
92,265    0,000319739250699058    258,684478759766
92,353    0,000319739250699058    258,684478759766
92,441    0,00031129369745031    254,267242431641
92,529    0,00031129369745031    254,267242431641
92,618    0,000302888249279931    249,849731445313
92,707    0,000302888249279931    249,849731445313
92,795    0,000294839061098173    245,432479858398
92,884    0,000294839061098173    245,432479858398
92,972    0,0002866315189749    241,01496887207
93,06    0,0002866315189749    241,01496887207
93,148    0,0002866315189749    241,01496887207
93,237    0,000278305233223364    236,597717285156
93,325    0,000278305233223364    236,597717285156
93,414    0,000270811258815229    232,180465698242
93,502    0,000270811258815229    232,180465698242
93,59    0,000263476162217557    227,762954711914
93,679    0,000263476162217557    227,762954711914
93,767    0,000255625403951854    223,345703125
93,856    0,000255625403951854    223,345703125
93,944    0,000247140764258802    219,007202148438
94,033    0,000247140764258802    219,007202148438
94,121    0,000237822794588283    214,589691162109
94,21    0,000237822794588283    214,589691162109
94,299    0,000229575671255589    210,172439575195
94,387    0,000229575671255589    210,172439575195
94,476    0,000222042115638033    205,754928588867
94,564    0,000222042115638033    205,754928588867
94,653    0,000213517385418527    201,416427612305
94,741    0,000213517385418527    201,416427612305
94,83    0,000205151518457569    196,999176025391
94,918    0,000205151518457569    196,999176025391
95,007    0,000196983572095633    192,660675048828
95,095    0,000196983572095633    192,660675048828
95,184    0,000196983572095633    192,660675048828
95,272    0,000188181234989315    188,2431640625
95,36    0,000188181234989315    188,2431640625
95,449    0,000178942937054671    183,825912475586
95,537    0,000178942937054671    183,825912475586
95,626    0,000169149410794489    179,487411499023
95,714    0,000169149410794489    179,487411499023
95,803    0,000158919938257895    175,069900512695
95,891    0,000158919938257895    175,069900512695
95,98    0,000148452454595827    170,731399536133
96,068    0,000148452454595827    170,731399536133
96,157    0,000137152121169493    166,314147949219
96,245    0,000137152121169493    166,314147949219
96,333    0,00012434548989404    161,975631713867
96,421    0,00012434548989404    161,975631713867
96,51    0,000110190383566078    157,558380126953
96,598    0,000110190383566078    157,558380126953
96,686    9,52029586187564E-5    153,219879150391
96,775    9,52029586187564E-5    153,219879150391
96,863    7,95014639152214E-5    148,802368164063
96,952    7,95014639152214E-5    148,802368164063
97,04    7,95014639152214E-5    148,802368164063
97,128    7,95014639152214E-5    148,802368164063
97,217    7,95014639152214E-5    148,802368164063
97,305    4,15961840189993E-5    140,046615600586
97,393    4,15961840189993E-5    140,046615600586
97,482    2,04627503990196E-5    135,708114624023
97,571    2,04627503990196E-5    135,708114624023
97,659    -3,32701461047691E-6    131,369613647461
97,748    -3,32701461047691E-6    131,369613647461
97,836    -3,00903102470329E-5    126,952110290527
97,925    -3,00903102470329E-5    126,952110290527
98,013    -5,89953197049908E-5    122,613609313965
98,102    -5,89953197049908E-5    122,613609313965
98,19    -9,0913446911145E-5    118,275108337402
98,279    -9,0913446911145E-5    118,275108337402
98,367    -0,000125646241940558    113,857849121094
98,455    -0,000125646241940558    113,857849121094
98,543    -0,000163630698807538    109,519348144531
98,632    -0,000163630698807538    109,519348144531
98,72    -0,000204787633265369    105,180847167969
98,808    -0,000204787633265369    105,180847167969
98,897    -0,000248442025622353    100,842346191406
98,985    -0,000248442025622353    100,842346191406
99,073    -0,000248442025622353    100,842346191406
99,162    -0,000295308011118323    96,5038452148438
99,25    -0,000295308011118323    96,5038452148438
99,338    -0,000344909465638921    92,1653442382813
99,427    -0,000344909465638921    92,1653442382813
99,515    -0,000396335468394682    87,7480850219727
99,603    -0,000396335468394682    87,7480850219727
99,692    -0,000449466198915616    83,4095840454102
99,781    -0,000449466198915616    83,4095840454102
99,869    -0,000501882866956294    79,0710830688477
99,957    -0,000501882866956294    79,0710830688477
100,046    -0,000554973958060145    74,7325820922852
100,134    -0,000554973958060145    74,7325820922852
100,222    -0,000608065107371658    70,3940811157227
100,311    -0,000608065107371658    70,3940811157227
100,399    -0,000657547847367823    66,0555801391602
100,487    -0,000657547847367823    66,0555801391602
100,576    -0,000703819270711392    61,7170791625977
100,664    -0,000703819270711392    61,7170791625977
100,752    -0,0007465616799891    57,3785781860352
100,84    -0,0007465616799891    57,3785781860352
100,929    -0,0007465616799891    57,3785781860352
101,017    -0,0007465616799891    57,3785781860352
101,105    -0,0007465616799891    57,3785781860352
101,194    -0,000814838684163988    48,7015762329102
101,283    -0,000814838684163988    48,7015762329102
101,371    -0,00084223662270233    44,3630752563477
101,46    -0,00084223662270233    44,3630752563477
101,548    -0,000862220011185855    40,0245742797852
101,636    -0,000862220011185855    40,0245742797852
101,725    -0,000876890495419502    35,6860694885254
101,813    -0,000876890495419502    35,6860694885254
101,901    -0,00088608922669664    31,3475704193115
101,99    -0,00088608922669664    31,3475704193115
102,078    -0,000890212773811072    27,0090675354004
102,167    -0,000890212773811072    27,0090675354004
102,255    -0,000889578368514776    22,6705665588379
102,344    -0,000889578368514776    22,6705665588379
102,433    -0,000883591477759182    18,3320655822754
102,521    -0,000883591477759182    18,3320655822754
102,609    -0,000875106314197183    13,9935636520386
102,698    -0,000875106314197183    13,9935636520386
102,786    -0,000864995585288852    9,65506172180176
102,875    -0,000864995585288852    9,65506172180176
102,963    -0,000864995585288852    9,65506172180176
103,052    -0,000852030119858682    5,31656074523926
103,14    -0,000852030119858682    5,31656074523926
103,229    -0,000837280473206192    0,978059113025665
103,317    -0,000837280473206192    0,978059113025665
103,406    -0,000821697991341352    -3,36044239997864
103,501    -0,000821697991341352    -3,36044239997864
103,596    -0,000805719115305692    -7,61993789672852
103,691    -0,000805719115305692    -7,61993789672852
103,786    -0,000788550882134587    -11,9584398269653
103,881    -0,000788550882134587    -11,9584398269653
103,975    -0,000771105056628585    -16,2969417572021
104,07    -0,000771105056628585    -16,2969417572021
104,165    -0,000754769193008542    -20,6354427337646
104,26    -0,000754769193008542    -20,6354427337646
104,355    -0,00073875073576346    -24,9739437103271
104,45    -0,00072257372085005    -29,3124446868896
104,545    -0,00072257372085005    -29,3124446868896
104,64    -0,000707110215444118    -33,6509475708008
104,735    -0,000707110215444118    -33,6509475708008
104,83    -0,000692122790496796    -37,9104423522949
104,925    -0,000692122790496796    -37,9104423522949
105,02    -0,000677769246976823    -42,2489433288574
105,115    -0,000677769246976823    -42,2489433288574
105,21    -0,000664011051412672    -46,5874443054199
105,305    -0,000664011051412672    -46,5874443054199
105,4    -0,000651243492029607    -50,9259490966797
105,496    -0,000651243492029607    -50,9259490966797
105,591    -0,000639230129308999    -55,2644500732422
105,686    -0,000639230129308999    -55,2644500732422
105,781    -0,000627929752226919    -59,6029510498047
105,876    -0,000627929752226919    -59,6029510498047
105,971    -0,000616589852143079    -63,8626976013184
106,066    -0,000616589852143079    -63,8626976013184
106,161    -0,000605606706812978    -68,2012023925781
106,255    -0,000605606706812978    -68,2012023925781
106,35    -0,00059636845253408    -72,5397033691406
106,445    -0,00059636845253408    -72,5397033691406
106,54    -0,000587804126553237    -76,8779525756836
106,635    -0,000587804126553237    -76,8779525756836
106,73    -0,000579438230488449    -81,1376953125
106,825    -0,000579438230488449    -81,1376953125
106,92    -0,000571468204725534    -85,4761962890625
107,014    -0,000571468204725534    -85,4761962890625
107,109    -0,000563815934583545    -89,8147048950195
107,204    -0,000563815934583545    -89,8147048950195
107,299    -0,000556480779778212    -94,0741958618164
107,394    -0,000556480779778212    -94,0741958618164
107,488    -0,000549660820979625    -98,4126968383789
107,583    -0,000549660820979625    -98,4126968383789
107,678    -0,000543316884431988    -102,751197814941
107,773    -0,000543316884431988    -102,751197814941
107,867    -0,000537250540219247    -107,089698791504
107,962    -0,000537250540219247    -107,089698791504
108,057    -0,000531580590177327    -111,349449157715
108,152    -0,000531580590177327    -111,349449157715
108,247    -0,000531580590177327    -111,349449157715
108,342    -0,000521469861268997    -120,02645111084
108,436    -0,000521469861268997    -120,02645111084
108,531    -0,000516910338774323    -124,285949707031
108,626    -0,000516910338774323    -124,285949707031
108,72    -0,000512469618115574    -128,624450683594
108,815    -0,000512469618115574    -128,624450683594
108,91    -0,000508623663336039    -132,962951660156
109,004    -0,000508623663336039    -132,962951660156
109,099    -0,000505094882100821    -137,222442626953
109,194    -0,000505094882100821    -137,222442626953
109,288    -0,000501645321492106    -141,560943603516
109,383    -0,000501645321492106    -141,560943603516
109,478    -0,000498631678055972    -145,899444580078
109,573    -0,000498631678055972    -145,899444580078
109,667    -0,000496014952659607    -150,159194946289
109,762    -0,000496014952659607    -150,159194946289
109,856    -0,000493556552100927    -154,497695922852
109,951    -0,000493556552100927    -154,497695922852
110,046    -0,0004912965814583    -158,836196899414
110,141    -0,0004912965814583    -158,836196899414
110,235    -0,00048919499386102    -163,095703125
110,33    -0,00048919499386102    -163,095703125
110,425    -0,000487529818201438    -167,434204101563
110,52    -0,000487529818201438    -167,434204101563
110,615    -0,000486102682771161    -171,693939208984
110,71    -0,000486102682771161    -171,693939208984
110,805    -0,000484913063701242    -176,032455444336
110,9    -0,000484913063701242    -176,032455444336
110,995    -0,000483921874547377    -180,291946411133
111,09    -0,000483921874547377    -180,291946411133
111,184    -0,000482890609418973    -184,630447387695
111,279    -0,000482890609418973    -184,630447387695
111,374    -0,000482256233226508    -188,968948364258
111,469    -0,000482256233226508    -188,968948364258
111,564    -0,000481979106552899    -193,228439331055
111,659    -0,000481979106552899    -193,228439331055
111,754    -0,000481741095427424    -197,566940307617
111,848    -0,000481741095427424    -197,566940307617
111,943    -0,000481661933008581    -201,90544128418
112,035    -0,000481661933008581    -201,90544128418
112,121    -0,000449267739895731    -206,007431030273
112,206    -0,000449267739895731    -206,007431030273
112,292    -0,000306251051370054    -206,007431030273
112,377    -0,000306251051370054    -206,007431030273
112,463    -0,000167714679264463    -201,90544128418
112,548    -0,000167714679264463    -201,90544128418
112,634    -0,000122633136925288    -197,330429077148
112,72    -0,000122633136925288    -197,330429077148
112,805    -9,20233796932735E-5    -192,834167480469
112,891    -9,20233796932735E-5    -192,834167480469
112,976    -6,79164149914868E-5    -188,337905883789
113,062    -6,79164149914868E-5    -188,337905883789
113,148    -6,79164149914868E-5    -188,337905883789
113,234    -4,78538422612473E-5    -183,92041015625
113,319    -4,78538422612473E-5    -183,92041015625
113,405    -3,0724702810403E-5    -179,42414855957
113,491    -3,0724702810403E-5    -179,42414855957
113,576    -1,58961302076932E-5    -175,006881713867
113,662    -1,58961302076932E-5    -175,006881713867
113,748    -2,45459614234278E-6    -170,510620117188
113,834    -2,45459614234278E-6    -170,510620117188
113,919    9,9952540040249E-6    -166,093368530273
114,005    9,9952540040249E-6    -166,093368530273
114,091    2,14143419725588E-5    -161,675857543945
114,177    2,14143419725588E-5    -161,675857543945
114,262    2,14143419725588E-5    -161,675857543945
114,348    3,19219325319864E-5    -157,258605957031
114,434    3,19219325319864E-5    -157,258605957031
114,519    4,17550327256322E-5    -152,920104980469
114,605    4,17550327256322E-5    -152,920104980469
114,69    5,10329155076761E-5    -148,502593994141
114,776    5,10329155076761E-5    -148,502593994141
114,862    5,97956714045722E-5    -144,085342407227
114,947    5,97956714045722E-5    -144,085342407227
115,033    6,81615492794663E-5    -139,746841430664
115,119    6,81615492794663E-5    -139,746841430664
115,205    7,62899071560241E-5    -135,329330444336
115,29    7,62899071560241E-5    -135,329330444336
115,376    7,62899071560241E-5    -135,329330444336
115,462    7,62899071560241E-5    -135,329330444336
115,547    7,62899071560241E-5    -135,329330444336
115,633    9,1951311333105E-5    -126,573577880859
115,719    9,1951311333105E-5    -126,573577880859
115,804    9,93265202851035E-5    -122,235076904297
115,89    9,93265202851035E-5    -122,235076904297
115,975    0,000106581952422857    -117,896575927734
116,061    0,000106581952422857    -117,896575927734
116,147    0,000113639966002665    -113,558074951172
116,232    0,000113639966002665    -113,558074951172
116,318    0,000120975077152252    -109,219573974609
116,404    0,000120975077152252    -109,219573974609
116,489    0,000128270607092418    -104,802070617676
116,575    0,000128270607092418    -104,802070617676
116,66    0,000128270607092418    -104,802070617676
116,746    0,000135248934384435    -100,463569641113
116,831    0,000135248934384435    -100,463569641113
116,917    0,000142266857437789    -96,1253204345703
117,003    0,000142266857437789    -96,1253204345703
117,089    0,000149483210407197    -91,8655700683594
117,175    0,000149483210407197    -91,8655700683594
117,26    0,000156937589053996    -87,5270690917969
117,346    0,000156937589053996    -87,5270690917969
117,432    0,000164431054145098    -83,1885681152344
117,518    0,000164431054145098    -83,1885681152344
117,603    0,000172004190972075    -78,8500671386719
117,689    0,000172004190972075    -78,8500671386719
117,775    0,000172004190972075    -78,8500671386719
117,861    0,000179736176505685    -74,5115661621094
117,946    0,000179736176505685    -74,5115661621094
118,032    0,000187745274160989    -70,1730651855469
118,118    0,000187745274160989    -70,1730651855469
118,204    0,000196190827409737    -65,9135665893555
118,29    0,000196190827409737    -65,9135665893555
118,376    0,000204834315809421    -61,575065612793
118,462    0,000204834315809421    -61,575065612793
118,548    0,000213993436773308    -57,315315246582
118,634    0,000213993436773308    -57,315315246582
118,72    0,000223826544242911    -52,9768142700195
118,806    0,000223826544242911    -52,9768142700195
118,892    0,000223826544242911    -52,9768142700195
118,978    0,000233976839808747    -48,7173194885254
119,064    0,000233976839808747    -48,7173194885254
119,15    0,000244483933784068    -44,3788185119629
119,235    0,000244483933784068    -44,3788185119629
119,321    0,000256022292887792    -40,1193237304688
119,407    0,000256022292887792    -40,1193237304688
119,493    0,000268313771812245    -35,8595733642578
119,578    0,000268313771812245    -35,8595733642578
119,664    0,000281318847555667    -31,5210723876953
119,75    0,000281318847555667    -31,5210723876953
119,836    0,00029559270478785    -27,2615776062012
119,921    0,00029559270478785    -27,2615776062012
120,006    0,00029559270478785    -27,2615776062012
120,092    0,00029559270478785    -27,2615776062012
120,178    0,00029559270478785    -27,2615776062012
120,264    0,000327748362906277    -18,6633281707764
120,35    0,000327748362906277    -18,6633281707764
120,436    0,000345788983395323    -14,4038314819336
120,521    0,000345788983395323    -14,4038314819336
120,607    0,000365415617125109    -10,1440839767456
120,693    0,000365415617125109    -10,1440839767456
120,779    0,000386826664907858    -5,88458776473999
120,865    0,000386826664907858    -5,88458776473999
120,95    0,000410497654229403    -1,62483990192413
121,036    0,000410497654229403    -1,62483990192413
121,122    0,000436111440649256    2,71366167068481
121,212    0,000436111440649256    2,71366167068481
121,303    0,000436111440649256    2,71366167068481
121,393    0,000436111440649256    2,71366167068481
121,483    0,000436111440649256    2,71366167068481
121,573    0,000493405328597873    11,1539001464844
121,663    0,000493405328597873    11,1539001464844
121,753    0,000525442184880376    15,4133958816528
121,843    0,000525442184880376    15,4133958816528
121,933    0,000559659849386662    19,7518978118896
122,023    0,000559659849386662    19,7518978118896
122,113    0,00059558282373473    23,9326400756836
122,203    0,00059558282373473    23,9326400756836
122,293    0,000633368792477995    28,1923866271973
122,383    0,000633368792477995    28,1923866271973
122,473    0,000672978814691305    32,4518814086914
122,563    0,000672978814691305    32,4518814086914
122,653    0,000713580520823598    36,7116317749023
122,743    0,000713580520823598    36,7116317749023
122,833    0,000755093758925796    40,9711265563965
122,923    0,000755093758925796    40,9711265563965
123,013    0,000797122600488365    45,1518707275391
123,103    0,000797122600488365    45,1518707275391
123,193    0,000839151442050934    49,4116172790527
123,283    0,000839151442050934    49,4116172790527
123,373    0,000880307867191732    53,6711120605469
123,463    0,000880307867191732    53,6711120605469
123,552    0,000919600657653064    57,9306106567383
123,642    0,000919600657653064    57,9306106567383
123,732    0,000956673116888851    62,1113510131836
123,822    0,000956673116888851    62,1113510131836
123,912    0,000991049688309431    66,3711013793945
124,001    0,000991049688309431    66,3711013793945
124,091    0,0010223729768768    70,5518417358398
124,181    0,0010223729768768    70,5518417358398
124,271    0,00105008785612881    74,8113403320313
124,361    0,00105008785612881    74,8113403320313
124,451    0,00105008785612881    74,8113403320313
124,541    0,00105008785612881    74,8113403320313
124,631    0,00105008785612881    74,8113403320313
124,721    0,00109354429878294    83,2518310546875
124,811    0,00109354429878294    83,2518310546875
124,901    0,00110928493086249    87,5113220214844
124,991    0,00110928493086249    87,5113220214844
125,081    0,00112145766615868    91,6920700073242
125,171    0,00112145766615868    91,6920700073242
125,261    0,00113014073576778    95,9515609741211
125,351    0,00113014073576778    95,9515609741211
125,441    0,00113529560621828    100,132301330566
125,531    0,00113529560621828    100,132301330566
125,621    0,00113719876389951    104,392051696777
125,711    0,00113719876389951    104,392051696777
125,801    0,001136445091106    108,572792053223
125,891    0,001136445091106    108,572792053223
125,981    0,00113291630987078    112,753540039063
126,071    0,00113291630987078    112,753540039063
126,161    0,00112752395216376    117,013031005859
126,251    0,00112752395216376    117,013031005859
126,341    0,00112121959682554    121,193778991699
126,431    0,00112121959682554    121,193778991699
126,521    0,00111368612851948    125,374519348145
126,611    0,00111368612851948    125,374519348145
126,701    0,00110516138374805    129,634262084961
126,791    0,00110516138374805    129,634262084961
126,88    0,00109608191996813    133,815002441406
126,97    0,00109608191996813    133,815002441406
127,061    0,00108668475877494    137,995498657227
127,151    0,00108668475877494    137,995498657227
127,24    0,00107708969153464    142,176239013672
127,33    0,00107708969153464    142,176239013672
127,42    0,00106753362342715    146,356979370117
127,51    0,00106753362342715    146,356979370117
127,6    0,00106753362342715    146,356979370117
127,69    0,00106753362342715    146,356979370117
127,78    0,00106753362342715    146,356979370117
127,87    0,00104929506778717    154,797470092773
127,96    0,00104929506778717    154,797470092773
128,05    0,00104061153251678    158,978210449219
128,139    0,00104061153251678    158,978210449219
128,229    0,00103256280999631    163,158950805664
128,319    0,00103256280999631    163,158950805664
128,409    0,00102502934169024    167,339706420898
128,499    0,00102502934169024    167,339706420898
128,589    0,00101781298872083    171,520446777344
128,678    0,00101781298872083    171,520446777344
128,768    0,0010111122392118    175,700927734375
128,858    0,0010111122392118    175,700927734375
128,948    0,0010052042780444    179,88166809082
129,037    0,0010052042780444    179,88166809082
129,127    0,00100008945446461    184,062423706055
129,217    0,00100008945446461    184,062423706055
129,307    0,000995648792013526    188,2431640625
129,396    0,000995648792013526    188,2431640625
129,486    0,000991842360235751    192,423904418945
129,576    0,000991842360235751    192,423904418945
129,666    0,000988630810752511    196,604644775391
129,755    0,000988630810752511    196,604644775391
129,845    0,000985577586106956    200,785385131836
129,935    0,000985577586106956    200,785385131836
130,024    0,000982762430794537    204,966125488281
130,114    0,000982762430794537    204,966125488281
130,204    0,000980542041361332    209,146865844727
130,294    0,000980542041361332    209,146865844727
130,384    0,000978916534222662    213,327621459961
130,474    0,000978916534222662    213,327621459961
130,563    0,000978916534222662    213,327621459961
130,653    0,000978916534222662    213,327621459961
130,743    0,000978916534222662    213,327621459961
130,833    0,000976378913037479    221,610092163086
130,923    0,000976378913037479    221,610092163086
131,013    0,000975744507741183    225,790832519531
131,103    0,000975744507741183    225,790832519531
131,193    0,000975427334196866    229,971572875977
131,283    0,000975427334196866    229,971572875977
131,373    0,000975149683654308    234,07356262207
131,463    0,000975149683654308    234,07356262207
131,553    0,000975189788732678    238,254302978516
131,643    0,000975189788732678    238,254302978516
131,732    0,000975824194028974    242,43505859375
131,822    0,000975824194028974    242,43505859375
131,913    0,000976458599325269    246,53678894043
132,002    0,000976458599325269    246,53678894043
132,092    0,000976815354079008    250,717529296875
132,182    0,000976815354079008    250,717529296875
132,272    0,000977370073087513    254,89826965332
132,362    0,000977370073087513    254,89826965332
132,451    0,000978480558842421    259
132,541    0,000978480558842421    259
132,63    0,000979828531853855    263,180755615234
132,72    0,000979828531853855    263,180755615234
132,81    0,000980978482402861    267,361480712891
132,9    0,000980978482402861    267,361480712891
132,989    0,000982088502496481    271,463470458984
133,079    0,000982088502496481    271,463470458984
133,169    0,000983674428425729    275,644195556641
133,259    0,000983674428425729    275,644195556641
133,348    0,000985696911811829    279,745941162109
133,438    0,000985696911811829    279,745941162109
133,528    0,000987600069493055    283,926696777344
133,618    0,000987600069493055    283,926696777344
133,708    0,000987600069493055    283,926696777344
133,798    0,00098942406475544    288,107421875
133,887    0,00098942406475544    288,107421875
133,977    0,00099180277902633    292,209167480469
134,066    0,00099180277902633    292,209167480469
134,156    0,000994538771919906    296,389923095703
134,246    0,000994538771919906    296,389923095703
134,336    0,000997631112113595    300,491912841797
134,426    0,000997631112113595    300,491912841797
134,515    0,00100076349917799    304,672637939453
134,605    0,00100076349917799    304,672637939453
134,695    0,00100397551432252    308,774383544922
134,785    0,00100397551432252    308,774383544922
134,874    0,0010072662262246    312,876373291016
134,964    0,0010072662262246    312,876373291016
135,054    0,00101051735691726    317,057098388672
135,143    0,00101051735691726    317,057098388672
135,233    0,00101420504506677    321,158843994141
135,323    0,00101420504506677    321,158843994141
135,413    0,00101824942976236    325,339599609375
135,502    0,00101824942976236    325,339599609375
135,592    0,00102217448875308    329,441314697266
135,682    0,00102217448875308    329,441314697266
135,772    0,00102617929223925    333,543304443359
135,861    0,00102617929223925    333,543304443359
135,951    0,00103026325814426    337,724060058594
136,041    0,00103026325814426    337,724060058594
136,131    0,00103462440893054    341,825805664063
136,22    0,00103462440893054    341,825805664063
136,31    0,00103906507138163    345,927795410156
136,4    0,00103906507138163    345,927795410156
136,49    0,00103906507138163    345,927795410156
136,579    0,00103906507138163    345,927795410156
136,669    0,00103906507138163    345,927795410156
136,759    0,00104889820795506    354,210266113281
136,849    0,00104889820795506    354,210266113281
136,939    0,00105365668423474    358,31201171875
137,029    0,00105365668423474    358,31201171875
137,119    0,00105869176331908    362,414001464844
137,208    0,00105869176331908    362,414001464844
137,298    0,00106420333031565    366,515716552734
137,388    0,00106420333031565    366,515716552734
137,478    0,00106963526923209    370,696472167969
137,567    0,00106963526923209    370,696472167969
137,657    0,00107550364919007    374,798461914063
137,747    0,00107550364919007    374,798461914063
137,837    0,00108157005161047    378,900207519531
137,927    0,00108157005161047    378,900207519531
138,017    0,00108775508124381    383,002166748047
138,107    0,00108775508124381    383,002166748047
138,197    0,0010941787622869    387,103912353516
138,287    0,0010941787622869    387,103912353516
138,377    0,00110052269883454    391,205902099609
138,466    0,00110052269883454    391,205902099609
138,556    0,00110746140126139    395,307647705078
138,646    0,00110746140126139    395,307647705078
138,736    0,00111491524148732    399,409393310547
138,825    0,00111491524148732    399,409393310547
138,915    0,00112213159445673    403,511383056641
139,009    0,00112213159445673    403,511383056641
139,098    0,00102177809458226    406,193267822266
139,186    0,00102177809458226    406,193267822266
139,274    0,000861355219967663    404,457916259766
139,363    0,000861355219967663    404,457916259766
139,451    0,000861355219967663    404,457916259766
139,539    0,000777971523348242    399,803894042969
139,627    0,000777971523348242    399,803894042969
139,715    0,000732295156922191    395,149871826172
139,803    0,000732295156922191    395,149871826172
139,892    0,000698275398463011    390,495880126953
139,98    0,000698275398463011    390,495880126953
140,068    0,000670600100420415    385,920593261719
140,156    0,000670600100420415    385,920593261719
140,244    0,000647008302621543    381,345581054688
140,333    0,000647008302621543    381,345581054688
140,421    0,000625756103545427    376,770324707031
140,509    0,000625756103545427    376,770324707031
140,598    0,000607081048656255    372,274047851563
140,686    0,000607081048656255    372,274047851563
140,774    0,000589833653066307    367,699035644531
140,862    0,000589833653066307    367,699035644531
140,951    0,000573656638152897    363,202789306641
141,039    0,000573656638152897    363,202789306641
141,128    0,000558470783289522    358,627777099609
141,216    0,000558470783289522    358,627777099609
141,304    0,000558470783289522    358,627777099609
141,393    0,000558470783289522    358,627777099609
141,481    0,000558470783289522    358,627777099609
141,569    0,000529644952621311    349,63525390625
141,657    0,000529644952621311    349,63525390625
141,746    0,00051675911527127    345,138977050781
141,834    0,00051675911527127    345,138977050781
141,922    0,000504308787640184    340,642730712891
142,01    0,000504308787640184    340,642730712891
142,099    0,000492057355586439    336,146453857422
142,187    0,000492057355586439    336,146453857422
142,275    0,000480122631415725    331,650207519531
142,363    0,000480122631415725    331,650207519531
142,451    0,000468743121018633    327,232696533203
142,54    0,000468743121018633    327,232696533203
142,628    0,000458116788649932    322,736450195313
142,716    0,000458116788649932    322,736450195313
142,805    0,000447728962171823    318,240173339844
142,893    0,000447728962171823    318,240173339844
142,981    0,000437221373431385    313,822937011719
143,07    0,000437221373431385    313,822937011719
143,158    0,000437221373431385    313,822937011719
143,247    0,000437221373431385    313,822937011719
143,335    0,000437221373431385    313,822937011719
143,424    0,000416325958212838    304,909149169922
143,512    0,000416325958212838    304,909149169922
143,6    0,000406492850743234    300,412902832031
143,688    0,000406492850743234    300,412902832031
143,777    0,00039701655623503    295,995635986328
143,865    0,00039701655623503    295,995635986328
143,953    0,000387381878681481    291,499389648438
144,041    0,000387381878681481    291,499389648438
144,13    0,000377469608793035    287,081878662109
144,218    0,000377469608793035    287,081878662109
144,306    0,000367993285181001    282,664611816406
144,394    0,000367993285181001    282,664611816406
144,483    0,000359270110493526    278,247100830078
144,571    0,000359270110493526    278,247100830078
144,659    0,000350229762261733    273,829864501953
144,747    0,000350229762261733    273,829864501953
144,836    0,000341110717272386    269,412353515625
144,925    0,000341110717272386    269,412353515625
145,013    0,000331912015099078    264,995086669922
145,101    0,000331912015099078    264,995086669922
145,189    0,000331912015099078    264,995086669922
145,278    0,000322871637763456    260,577850341797
145,366    0,000322871637763456    260,577850341797
145,454    0,000314386503305286    256,160339355469
145,542    0,000314386503305286    256,160339355469
145,631    0,000305901368847117    251,743087768555
145,719    0,000305901368847117    251,743087768555
145,808    0,000297456310363486    247,325576782227
145,896    0,000297456310363486    247,325576782227
145,985    0,000289050338324159    242,908325195313
146,073    0,000289050338324159    242,908325195313
146,162    0,000280803214991465    238,490829467773
146,25    0,000280803214991465    238,490829467773
146,339    0,000272754550678656    234,07356262207
146,427    0,000272754550678656    234,07356262207
146,516    0,000264665781287476    229,656066894531
146,604    0,000264665781287476    229,656066894531
146,692    0,000256775441812351    225,238800048828
146,781    0,000256775441812351    225,238800048828
146,869    0,000248885102337226    220,900299072266
146,958    0,000248885102337226    220,900299072266
147,046    0,000248885102337226    220,900299072266
147,135    0,000248885102337226    220,900299072266
147,223    0,000248885102337226    220,900299072266
147,312    0,00023290648823604    212,065536499023
147,4    0,00023290648823604    212,065536499023
147,489    0,00022517450270243    207,648040771484
147,577    0,00022517450270243    207,648040771484
147,666    0,000217244582017884    203,309539794922
147,754    0,000217244582017884    203,309539794922
147,843    0,000208957877475768    198,892272949219
147,931    0,000208957877475768    198,892272949219
148,02    0,000200353970285505    194,47477722168
148,108    0,000200353970285505    194,47477722168
148,196    0,000191750077647157    190,136520385742
148,284    0,000191750077647157    190,136520385742
148,373    0,000182908144779503    185,719009399414
148,461    0,000182908144779503    185,719009399414
148,549    0,000173312568222173    181,380508422852
148,638    0,000173312568222173    181,380508422852
148,726    0,000163400283781812    176,963256835938
148,815    0,000163400283781812    176,963256835938
148,903    0,000152853623148985    172,624755859375
148,991    0,000152853623148985    172,624755859375
149,08    0,000152853623148985    172,624755859375
149,168    0,000141434531542473    168,207244873047
149,256    0,000141434531542473    168,207244873047
149,345    0,000129143023514189    163,868743896484
149,433    0,000129143023514189    163,868743896484
149,521    0,000115899929369334    159,45149230957
149,61    0,000115899929369334    159,45149230957
149,698    0,000101665653346572    155,112991333008
149,787    0,000101665653346572    155,112991333008
149,875    8,56469632708468E-5    150,69548034668
149,964    8,56469632708468E-5    150,69548034668
150,052    6,81615492794663E-5    146,356979370117
150,14    6,81615492794663E-5    146,356979370117
150,229    4,94073465233669E-5    142,018478393555
150,317    4,94073465233669E-5    142,018478393555
150,405    2,86306967609562E-5    137,601226806641
150,493    2,86306967609562E-5    137,601226806641
150,582    5,51491166334017E-6    133,262725830078
150,67    5,51491166334017E-6    133,262725830078
150,759    -1,97420795302605E-5    128,924224853516
150,847    -1,97420795302605E-5    128,924224853516
150,935    -1,97420795302605E-5    128,924224853516
151,023    -1,97420795302605E-5    128,924224853516
151,112    -1,97420795302605E-5    128,924224853516
151,2    -7,83839132054709E-5    120,247222900391
151,288    -7,83839132054709E-5    120,247222900391
151,377    -0,000112244808406103    115,908721923828
151,465    -0,000112244808406103    115,908721923828
151,553    -0,000149317260365933    111,49146270752
151,642    -0,000149317260365933    111,49146270752
151,73    -0,000189561673323624    107,152961730957
151,819    -0,000189561673323624    107,152961730957
151,907    -0,000233295751968399    102,814460754395
151,995    -0,000233295751968399    102,814460754395
152,083    -0,000279963278444484    98,475959777832
152,172    -0,000279963278444484    98,475959777832
152,26    -0,000329089205479249    94,1374588012695
152,348    -0,000329089205479249    94,1374588012695
152,437    -0,000380911573302001    89,798957824707
152,525    -0,000380911573302001    89,798957824707
152,613    -0,000434993882663548    85,4604568481445
152,701    -0,000434993882663548    85,4604568481445
152,79    -0,00048967101611197    81,0429458618164
152,878    -0,00048967101611197    81,0429458618164
152,966    -0,00048967101611197    81,0429458618164
153,054    -0,000544744485523552    76,7044448852539
153,143    -0,000544744485523552    76,7044448852539
153,231    -0,000599738850723952    72,3659439086914
153,32    -0,000599738850723952    72,3659439086914
153,408    -0,000652710732538253    68,0274429321289
153,496    -0,000652710732538253    68,0274429321289
153,584    -0,000703145284205675    63,6891937255859
153,673    -0,000703145284205675    63,6891937255859
153,761    -0,000749614846426994    59,3506927490234
153,849    -0,000749614846426994    59,3506927490234
153,938    -0,000791841885074973    55,0121917724609
154,026    -0,000791841885074973    55,0121917724609
154,114    -0,000828557531349361    50,6736907958984
154,203    -0,000828557531349361    50,6736907958984
154,291    -0,000858730869367719    46,3351898193359
154,38    -0,000858730869367719    46,3351898193359
154,468    -0,000883591477759182    41,9966888427734
154,556    -0,000883591477759182    41,9966888427734
154,645    -0,000902662868611515    37,6581840515137
154,733    -0,000902662868611515    37,6581840515137
154,822    -0,000902662868611515    37,6581840515137
154,91    -0,000915786949917674    33,3196830749512
154,998    -0,000915786949917674    33,3196830749512
155,087    -0,000923360057640821    28,9811820983887
155,175    -0,000923360057640821    28,9811820983887
155,263    -0,000926016655284911    24,6426811218262
155,352    -0,000926016655284911    24,6426811218262
155,44    -0,000924153078813106    20,3041801452637
155,529    -0,000924153078813106    20,3041801452637
155,617    -0,000918284931685776    15,9656782150269
155,706    -0,000918284931685776    15,9656782150269
155,794    -0,000908887770492584    11,6271772384644
155,883    -0,000908887770492584    11,6271772384644
155,971    -0,00089687411673367    7,2886757850647
156,059    -0,00089687411673367    7,2886757850647
156,148    -0,000882957072462887    3,02917981147766
156,237    -0,000882957072462887    3,02917981147766
156,325    -0,000867414171807468    -1,309321641922
156,42    -0,000867414171807468    -1,309321641922
156,515    -0,000850602751597762    -5,64782333374023
156,61    -0,000850602751597762    -5,64782333374023
156,705    -0,000833593134302646    -9,98632431030273
156,8    -0,000833593134302646    -9,98632431030273
156,895    -0,000816543644759804    -14,3248262405396
156,99    -0,000816543644759804    -14,3248262405396
157,085    -0,000799256202299148    -18,6633281707764
157,18    -0,000799256202299148    -18,6633281707764
157,275    -0,000782127550337464    -23,0018291473389
157,37    -0,000782127550337464    -23,0018291473389
157,465    -0,000765435106586665    -27,2615776062012
157,56    -0,000765435106586665    -27,2615776062012
157,655    -0,000749218219425529    -31,6000785827637
157,75    -0,000749218219425529    -31,6000785827637
157,845    -0,000733596156351268    -35,9385795593262
157,939    -0,000733596156351268    -35,9385795593262
158,034    -0,000718648312613368    -40,2770805358887
158,129    -0,000718648312613368    -40,2770805358887
158,224    -0,000704334874171764    -44,5365791320801
158,319    -0,000704334874171764    -44,5365791320801
158,414    -0,000690734770614654    -48,8750801086426
158,509    -0,000690734770614654    -48,8750801086426
158,604    -0,000677888514474034    -53,2135810852051
158,699    -0,000677888514474034    -53,2135810852051
158,795    -0,000665715779177845    -57,5520820617676
158,89    -0,000665715779177845    -57,5520820617676
158,985    -0,00065421755425632    -61,8115768432617
159,08    -0,00065421755425632    -61,8115768432617
159,175    -0,000643393257632852    -66,1500778198242
159,269    -0,000643393257632852    -66,1500778198242
159,364    -0,000643393257632852    -66,1500778198242
159,459    -0,00062305253231898    -74,8270797729492
159,554    -0,00062305253231898    -74,8270797729492
159,649    -0,000613973126746714    -79,1655807495117
159,744    -0,000613973126746714    -79,1655807495117
159,839    -0,000605527544394135    -83,5040817260742
159,933    -0,000605527544394135    -83,5040817260742
160,028    -0,000597478880081326    -87,7638320922852
160,123    -0,000597478880081326    -87,7638320922852
160,218    -0,000589984934777021    -92,1023330688477
160,312    -0,000589984934777021    -92,1023330688477
160,407    -0,000582808163017035    -96,3618316650391
160,502    -0,000582808163017035    -96,3618316650391
160,597    -0,000576028251089156    -100,700332641602
160,691    -0,000576028251089156    -100,700332641602
160,786    -0,000569803058169782    -105,038833618164
160,881    -0,000569803058169782    -105,038833618164
160,976    -0,000563974783290178    -109,298332214355
161,071    -0,000563974783290178    -109,298332214355
161,166    -0,000558701169211417    -113,636833190918
161,261    -0,000558701169211417    -113,636833190918
161,356    -0,000553665624465793    -117,896575927734
161,45    -0,000553665624465793    -117,896575927734
161,545    -0,000548788928426802    -122,235076904297
161,64    -0,000548788928426802    -122,235076904297
161,735    -0,000544427311979234    -126,494575500488
161,829    -0,000544427311979234    -126,494575500488
161,924    -0,000540422508493066    -130,833084106445
162,019    -0,000540422508493066    -130,833084106445
162,114    -0,000536497391294688    -135,171585083008
162,208    -0,000536497391294688    -135,171585083008
162,303    -0,00053288898197934    -139,43132019043
162,398    -0,00053288898197934    -139,43132019043
162,493    -0,000529717013705522    -143,769821166992
162,588    -0,000529717013705522    -143,769821166992
162,682    -0,000526703894138336    -148,029327392578
162,777    -0,000526703894138336    -148,029327392578
162,872    -0,000523849099408835    -152,367828369141
162,966    -0,000523849099408835    -152,367828369141
163,061    -0,000521271955221891    -156,627319335938
163,156    -0,000521271955221891    -156,627319335938
163,25    -0,000519130728207529    -160,9658203125
163,345    -0,000519130728207529    -160,9658203125
163,439    -0,000519130728207529    -160,9658203125
163,534    -0,000515165505930781    -169,564071655273
163,629    -0,000515165505930781    -169,564071655273
163,724    -0,000513777951709926    -173,82356262207
163,818    -0,000513777951709926    -173,82356262207
163,913    -0,000512786791659892    -178,162063598633
164,008    -0,000512786791659892    -178,162063598633
164,103    -0,000511874794028699    -182,421813964844
164,197    -0,000511874794028699    -182,421813964844
164,292    -0,00051112164510414    -186,760314941406
164,387    -0,00051112164510414    -186,760314941406
164,482    -0,00051064562285319    -191,019821166992
164,576    -0,00051064562285319    -191,019821166992
164,671    -0,000510447658598423    -195,358322143555
164,766    -0,000510447658598423    -195,358322143555
164,86    -0,000510685204062611    -199,618057250977
164,955    -0,000510685204062611    -199,618057250977
165,05    -0,000510407553520054    -203,956573486328
