0.25	0
0.75	-0.001
1.25	-0.001
1.75	-0.001
2.25	-0.001
2.75	-0.002
3.25	-0.002
3.75	-0.001
4.25	-0.001
4.75	0
5.25	0
5.75	0.001
6.25	0.001
6.75	0.002
7.25	0.002
7.75	0.003
8.25	0.003
8.75	0.003
9.25	0.003
9.75	0.004
10.25	0.004
10.75	0.005
11.25	0.005
11.75	0.006
12.25	0.006
12.75	0.007
13.25	0.007
13.75	0.008
14.25	0.008
14.75	0.009
15.25	0.009
15.75	0.01
16.25	0.01
16.75	0.01
17.25	0.01
17.75	0.012
18.25	0.012
18.75	0.012
19.25	0.012
19.75	0.013
20.25	0.013
20.75	0.014
21.25	0.014
21.75	0.015
22.25	0.015
22.75	0.016
23.25	0.016
23.75	0.017
24.25	0.017
24.75	0.017
25.25	0.017
25.75	0.018
26.25	0.018
26.75	0.019
27.25	0.019
27.75	0.02
28.25	0.02
28.75	0.021
29.25	0.021
29.75	0.022
30.25	0.022
30.75	0.022
31.25	0.022
31.75	0.023
32.25	0.023
32.75	0.024
33.25	0.024
33.75	0.026
34.25	0.026
34.75	0.026
35.25	0.026
35.75	0.027
36.25	0.027
36.75	0.028
37.25	0.028
37.75	0.029
38.25	0.029
38.75	0.029
39.25	0.029
39.75	0.03
40.25	0.03
40.75	0.031
41.25	0.031
41.75	0.032
42.25	0.032
42.75	0.033
43.25	0.033
43.75	0.034
44.25	0.034
44.75	0.035
45.25	0.035
45.75	0.035
46.25	0.035
46.75	0.036
47.25	0.036
47.75	0.037
48.25	0.037
48.75	0.038
49.25	0.038
49.75	0.038
50.25	0.038
50.75	0.039
51.25	0.039
51.75	0.04
52.25	0.04
52.75	0.041
53.25	0.041
53.75	0.042
54.25	0.042
54.75	0.043
55.25	0.043
55.75	0.044
56.25	0.044
56.75	0.044
57.25	0.044
57.75	0.045
58.25	0.045
58.75	0.046
59.25	0.046
59.75	0.047
60.25	0.047
60.75	0.048
61.25	0.048
61.75	0.049
62.25	0.049
62.75	0.05
63.25	0.05
63.75	0.05
64.25	0.05
64.75	0.051
65.25	0.051
65.75	0.052
66.25	0.052
66.75	0.052
67.25	0.052
67.75	0.053
68.25	0.053
68.75	0.054
69.25	0.054
69.75	0.055
70.25	0.055
70.75	0.056
71.25	0.056
71.75	0.056
72.25	0.056
72.75	0.057
73.25	0.057
73.75	0.058
74.25	0.058
74.75	0.059
75.25	0.059
75.75	0.06
76.25	0.06
76.75	0.061
77.25	0.061
77.75	0.062
78.25	0.062
78.75	0.062
79.25	0.062
79.75	0.063
80.25	0.063
80.75	0.064
81.25	0.064
81.75	0.065
82.25	0.065
82.75	0.065
83.25	0.065
83.75	0.066
84.25	0.066
84.75	0.067
85.25	0.067
85.75	0.068
86.25	0.068
86.75	0.069
87.25	0.069
87.75	0.069
88.25	0.069
88.75	0.07
89.25	0.07
89.75	0.071
90.25	0.071
90.75	0.072
91.25	0.072
91.75	0.072
92.25	0.072
92.75	0.073
93.25	0.073
93.75	0.074
94.25	0.074
94.75	0.075
95.25	0.075
95.75	0.076
96.25	0.076
96.75	0.076
97.25	0.076
97.75	0.077
98.25	0.077
98.75	0.078
99.25	0.078
99.75	0.079
100.25	0.079
100.75	0.08
101.25	0.08
101.75	0.08
102.25	0.08
102.75	0.081
103.25	0.081
103.75	0.082
104.25	0.082
104.75	0.082
105.25	0.082
105.75	0.083
106.25	0.083
106.75	0.084
107.25	0.084
107.75	0.085
108.25	0.085
108.75	0.086
109.25	0.086
109.75	0.086
110.25	0.086
110.75	0.087
111.25	0.087
111.75	0.088
112.25	0.088
112.75	0.089
113.25	0.089
113.75	0.089
114.25	0.089
114.75	0.09
115.25	0.09
115.75	0.091
116.25	0.091
116.75	0.092
117.25	0.092
117.75	0.093
118.25	0.093
118.75	0.094
119.25	0.094
119.75	0.094
120.25	0.094
120.75	0.095
121.25	0.095
121.75	0.096
122.25	0.096
122.75	0.096
123.25	0.096
123.75	0.097
124.25	0.097
124.75	0.098
125.25	0.098
125.75	0.099
126.25	0.099
126.75	0.099
127.25	0.099
127.75	0.1
128.25	0.1
128.75	0.101
129.25	0.101
129.75	0.102
130.25	0.102
130.75	0.103
131.25	0.103
131.75	0.103
132.25	0.103
132.75	0.104
133.25	0.104
133.75	0.105
134.25	0.105
134.75	0.105
135.25	0.105
135.75	0.106
136.25	0.106
136.75	0.107
137.25	0.107
137.75	0.108
138.25	0.108
138.75	0.108
139.25	0.108
139.75	0.109
140.25	0.109
140.75	0.11
141.25	0.11
141.75	0.111
142.25	0.111
142.75	0.111
143.25	0.111
143.75	0.112
144.25	0.112
144.75	0.113
145.25	0.113
145.75	0.114
146.25	0.114
146.75	0.114
147.25	0.114
147.75	0.115
148.25	0.115
148.75	0.116
149.25	0.116
149.75	0.117
150.25	0.117
150.75	0.117
151.25	0.117
151.75	0.118
152.25	0.118
152.75	0.119
153.25	0.119
153.75	0.119
154.25	0.119
154.75	0.12
155.25	0.12
155.75	0.121
156.25	0.121
156.75	0.122
157.25	0.122
157.75	0.122
158.25	0.122
158.75	0.123
159.25	0.123
159.75	0.124
160.25	0.124
160.75	0.125
161.25	0.125
161.75	0.125
162.25	0.125
162.75	0.126
163.25	0.126
163.75	0.127
164.25	0.127
164.75	0.127
165.25	0.127
165.75	0.128
166.25	0.128
166.75	0.129
167.25	0.129
167.75	0.129
168.25	0.129
168.75	0.13
169.25	0.13
169.75	0.131
170.25	0.131
170.75	0.132
171.25	0.132
171.75	0.132
172.25	0.132
172.75	0.133
173.25	0.133
173.75	0.134
174.25	0.134
174.75	0.134
175.25	0.134
175.75	0.135
176.25	0.135
176.75	0.136
177.25	0.136
177.75	0.137
178.25	0.137
178.75	0.137
179.25	0.137
179.75	0.138
180.25	0.138
180.75	0.138
181.25	0.138
181.75	0.14
182.25	0.14
182.75	0.14
183.25	0.14
183.75	0.141
184.25	0.141
184.75	0.142
185.25	0.142
185.75	0.142
186.25	0.142
186.75	0.143
187.25	0.143
187.75	0.144
188.25	0.144
188.75	0.144
189.25	0.144
189.75	0.145
190.25	0.145
190.75	0.146
191.25	0.146
191.75	0.147
192.25	0.147
192.75	0.147
193.25	0.147
193.75	0.148
194.25	0.148
194.75	0.149
195.25	0.149
195.75	0.149
196.25	0.149
196.75	0.15
197.25	0.15
197.75	0.15
198.25	0.15
198.75	0.152
199.25	0.152
199.75	0.152
200.25	0.152
200.75	0.153
201.25	0.153
201.75	0.153
202.25	0.153
202.75	0.154
203.25	0.154
203.75	0.155
204.25	0.155
204.75	0.192
205.25	0.192
205.75	0.156
206.25	0.156
206.75	0.157
207.25	0.157
207.75	0.157
208.25	0.157
208.75	0.158
209.25	0.158
209.75	0.159
210.25	0.159
210.75	0.16
211.25	0.16
211.75	0.16
212.25	0.16
212.75	0.161
213.25	0.161
213.75	0.161
214.25	0.161
214.75	0.162
215.25	0.162
215.75	0.163
216.25	0.163
216.75	0.164
217.25	0.164
217.75	0.165
218.25	0.165
218.75	0.165
219.25	0.165
219.75	0.166
220.25	0.166
220.75	0.166
221.25	0.166
221.75	0.167
222.25	0.167
222.75	0.168
223.25	0.168
223.75	0.168
224.25	0.168
224.75	0.169
225.25	0.169
225.75	0.17
226.25	0.17
226.75	0.17
227.25	0.17
227.75	0.171
228.25	0.171
228.75	0.172
229.25	0.172
229.75	0.172
230.25	0.172
230.75	0.173
231.25	0.173
231.75	0.174
232.25	0.174
232.75	0.174
233.25	0.174
233.75	0.175
234.25	0.175
234.75	0.176
235.25	0.176
235.75	0.176
236.25	0.176
236.75	0.177
237.25	0.177
237.75	0.178
238.25	0.178
238.75	0.178
239.25	0.178
239.75	0.179
240.25	0.179
240.75	0.18
241.25	0.18
241.75	0.18
242.25	0.18
242.75	0.181
243.25	0.181
243.75	0.182
244.25	0.182
244.75	0.182
245.25	0.182
245.75	0.183
246.25	0.183
246.75	0.184
247.25	0.184
247.75	0.184
248.25	0.184
248.75	0.185
249.25	0.185
249.75	0.186
250.25	0.186
250.75	0.186
251.25	0.186
251.75	0.187
252.25	0.187
252.75	0.187
253.25	0.187
253.75	0.188
254.25	0.188
254.75	0.264
255.25	0.264
255.75	0.189
256.25	0.189
256.75	0.191
257.25	0.191
257.75	0.191
258.25	0.191
258.75	0.191
259.25	0.191
259.75	0.192
260.25	0.192
260.75	0.193
261.25	0.193
261.75	0.194
262.25	0.194
262.75	0.194
263.25	0.194
263.75	0.195
264.25	0.195
264.75	0.195
265.25	0.195
265.75	0.196
266.25	0.196
266.75	0.196
267.25	0.196
267.75	0.197
268.25	0.197
268.75	0.198
269.25	0.198
269.75	0.199
270.25	0.199
270.75	0.199
271.25	0.199
271.75	0.2
272.25	0.2
272.75	0.201
273.25	0.201
273.75	0.201
274.25	0.201
274.75	0.202
275.25	0.202
275.75	0.202
276.25	0.202
276.75	0.203
277.25	0.203
277.75	0.204
278.25	0.204
278.75	0.204
279.25	0.204
279.75	0.205
280.25	0.205
280.75	0.205
281.25	0.205
281.75	0.206
282.25	0.206
282.75	0.207
283.25	0.207
283.75	0.207
284.25	0.207
284.75	0.208
285.25	0.208
285.75	0.208
286.25	0.208
286.75	0.209
287.25	0.209
287.75	0.21
288.25	0.21
288.75	0.21
289.25	0.21
289.75	0.211
290.25	0.211
290.75	0.212
291.25	0.212
291.75	0.212
292.25	0.212
292.75	0.213
293.25	0.213
293.75	0.214
294.25	0.214
