0,1	21,115
0,3	21,095
0,5	21,12
0,7	21,11
0,9	21,09
1,1	21,11
1,3	21,07
1,5	21,145
1,7	21,135
1,9	21,18
2,1	21,13
2,3	21,085
2,5	21,14
2,7	21,12
2,9	21,12
3,1	21,09
3,3	21,095
3,5	21,095
3,7	21,13
3,9	21,195
4,1	21,145
4,3	21,13
4,5	21,135
4,7	21,13
4,9	21,095
5,1	21,175
5,3	21,2
5,5	21,115
5,7	21,2
5,9	21,12
6,1	21,089
6,3	21,115
6,5	21,2
6,7	21,12
6,9	21,205
7,1	21,135
7,3	21,175
7,5	21,16
7,7	21,135
7,9	21,185
8,1	21,21
8,3	21,19
8,5	21,19
8,7	21,165
8,9	21,165
9,1	21,165
9,3	21,205
9,5	21,175
9,7	21,17
9,9	21,195
10,1	21,185
10,3	21,205
10,5	21,19
10,7	21,195
10,9	21,175
11,1	21,18
11,3	21,16
11,5	21,205
11,7	21,16
11,9	21,185
12,1	21,17
12,3	21,185
12,5	21,215
12,7	21,185
12,9	21,215
13,1	21,14
13,3	21,2
13,5	21,165
13,7	21,21
13,9	21,16
14,1	21,155
14,3	21,225
14,5	21,18
14,7	21,22
14,9	21,19
15,1	21,17
15,3	21,195
15,5	21,17
15,7	21,155
15,9	21,215
16,1	21,215
16,3	21,205
16,5	21,22
16,7	21,2
16,9	21,155
17,1	21,2
17,3	21,17
17,5	21,205
17,7	21,205
17,9	21,175
18,1	21,22
18,3	21,21
18,5	21,24
18,7	21,22
18,9	21,235
19,1	21,16
19,3	21,21
19,5	21,225
19,7	21,215
19,9	21,215
20,1	21,18
20,3	21,215
20,5	21,22
20,7	21,26
20,9	21,21
21,1	21,14
21,3	21,17
21,5	21,175
21,7	21,215
21,9	21,21
22,1	21,215
22,3	21,2
22,5	21,205
22,7	21,205
22,9	21,19
23,1	21,165
23,3	21,2
23,5	21,22
23,7	21,235
23,9	21,195
24,1	21,23
24,3	21,215
24,5	21,21
24,7	21,24
24,9	21,19
25,1	21,15
25,3	21,22
25,5	21,22
25,7	21,22
25,9	21,16
26,1	21,195
26,3	21,17
26,5	21,2
26,7	21,225
26,9	21,19
27,1	21,225
27,3	21,17
27,5	21,19
27,7	21,205
27,9	21,18
28,1	21,22
28,3	21,225
28,5	21,185
28,7	21,2
28,9	21,23
29,1	21,175
29,3	21,225
29,5	21,215
29,7	21,23
29,9	21,21
30,1	21,185
30,3	21,175
30,5	21,175
30,7	21,22
30,9	21,23
31,1	21,2
31,3	21,2
31,5	21,22
31,7	21,185
31,9	21,24
32,1	21,215
32,3	21,215
32,5	21,155
32,7	21,24
32,9	21,19
33,1	21,215
33,3	21,2
33,5	21,175
33,7	21,2
33,9	21,22
34,1	21,205
34,3	21,225
34,5	21,225
34,7	21,265
34,9	21,2
35,1	21,175
35,3	21,23
35,5	21,23
35,7	21,21
35,9	21,165
36,1	21,23
36,3	21,245
36,5	21,155
36,7	21,235
36,9	21,205
37,1	21,21
37,3	21,21
37,5	21,225
37,7	21,23
37,9	21,165
38,1	21,205
38,3	21,24
38,5	21,205
38,7	21,195
38,9	21,195
39,1	21,145
39,3	21,19
39,5	21,195
39,7	21,14
39,9	21,2
40,1	21,19
40,3	21,21
40,5	21,22
40,7	21,215
40,9	21,27
41,1	21,19
41,3	21,21
41,5	21,225
41,7	21,205
41,9	21,225
42,1	21,2
42,3	21,195
42,5	21,205
42,7	21,155
42,9	21,22
43,1	21,155
43,3	21,205
43,5	21,19
43,7	21,17
43,9	21,24
44,1	21,175
44,3	21,22
44,5	21,225
44,7	21,225
44,9	21,185
45,1	21,16
45,3	21,16
45,5	21,18
45,7	21,195
45,9	21,155
46,1	21,195
46,3	21,225
46,5	21,22
46,7	21,24
46,9	21,235
47,1	21,22
47,3	21,23
47,5	21,185
47,7	21,15
47,9	21,195
48,1	21,18
48,3	21,185
48,5	21,17
48,7	21,165
48,9	21,22
49,1	21,22
49,3	21,22
49,5	21,215
49,7	21,225
49,9	21,22
50,1	21,195
50,3	21,175
50,5	21,185
50,7	21,235
50,9	21,215
51,1	21,22
51,3	21,195
51,5	21,2
51,7	21,22
51,9	21,2
52,1	21,195
52,3	21,22
52,5	21,15
52,7	21,2
52,9	21,245
53,1	21,165
53,3	21,21
53,5	21,205
53,7	21,205
53,9	21,235
54,1	21,255
54,3	21,215
54,5	21,135
54,7	21,22
54,9	21,22
55,1	21,215
55,3	21,205
55,5	21,25
55,7	21,21
55,9	21,2
56,1	21,22
56,3	21,22
56,5	21,195
56,7	21,165
56,9	21,22
57,1	21,195
57,3	21,17
57,5	21,215
57,7	21,14
57,9	21,195
58,1	21,2
58,3	21,2
58,5	21,205
58,7	21,145
58,9	21,225
59,1	21,195
59,3	21,2
59,5	21,195
59,7	21,18
59,9	21,19
60,1	21,18
60,3	21,18
60,5	21,175
60,7	21,155
60,9	21,19
61,1	21,205
61,3	21,19
61,5	21,2
61,7	21,145
61,9	21,185
62,1	21,19
62,3	21,215
62,5	21,175
62,7	21,185
62,9	21,19
63,1	21,22
63,3	21,19
63,5	21,14
63,7	21,165
63,9	21,2
64,1	21,2
64,3	21,19
64,5	21,16
64,7	21,155
64,9	21,22
65,1	21,175
65,3	21,185
65,5	21,19
65,7	21,24
65,9	21,175
66,1	21,19
66,3	21,14
66,5	21,155
66,7	21,185
66,9	21,185
67,1	21,215
67,3	21,195
67,5	21,16
67,7	21,195
67,9	21,145
68,1	21,175
68,3	21,185
68,5	21,22
68,7	21,2
68,9	21,19
69,1	21,22
69,3	21,22
69,5	21,2
69,7	21,185
69,9	21,205
70,1	21,18
70,3	21,175
70,5	21,215
70,7	21,17
70,9	21,205
71,1	21,22
71,3	21,2
71,5	21,18
71,7	21,16
71,9	21,18
72,1	21,225
72,3	21,185
72,5	21,215
72,7	21,225
72,9	21,19
73,1	21,215
73,3	21,16
73,5	21,185
73,7	21,19
73,9	21,205
74,1	21,22
74,3	21,215
74,5	21,185
74,7	21,22
74,9	21,215
75,1	21,22
75,3	21,15
75,5	21,22
75,7	21,155
75,9	21,165
76,1	21,145
76,3	21,2
76,5	21,195
76,7	21,17
76,9	21,145
77,1	21,22
77,3	21,22
77,5	21,22
77,7	21,14
77,9	21,145
78,1	21,17
78,3	21,22
78,5	21,19
78,7	21,22
78,9	21,185
79,1	21,22
79,3	21,145
79,5	21,22
79,7	21,18
79,9	21,205
80,1	21,19
80,3	21,2
80,5	21,225
80,7	21,195
80,9	21,215
81,1	21,245
81,3	21,17
81,5	21,22
81,7	21,135
81,9	21,215
82,1	21,215
82,3	21,22
82,5	21,215
82,7	21,22
82,9	21,255
83,1	21,22
83,3	21,17
83,5	21,195
83,7	21,235
83,9	21,18
84,1	21,17
84,3	21,16
84,5	21,215
84,7	21,15
84,9	21,22
85,1	21,205
85,3	21,215
85,5	21,19
85,7	21,2
85,9	21,18
86,1	21,16
86,3	21,16
86,5	21,145
86,7	21,21
86,9	21,22
87,1	21,165
87,3	21,215
87,5	21,18
87,7	21,165
87,9	21,145
88,1	21,155
88,3	21,16
88,5	21,17
88,7	21,2
88,9	21,165
89,1	21,22
89,3	21,215
89,5	21,175
89,7	21,145
89,9	21,22
90,1	21,145
90,3	21,19
90,5	21,2
90,7	21,22
90,9	21,2
91,1	21,24
91,3	21,215
91,5	21,185
91,7	21,19
91,9	21,22
92,1	21,215
92,3	21,185
92,5	21,195
92,7	21,185
92,9	21,13
93,1	21,195
93,3	21,22
93,5	21,16
93,7	21,185
93,9	21,175
94,1	21,205
94,3	21,14
94,5	21,165
94,7	21,2
94,9	21,185
95,1	21,145
95,3	21,24
95,5	21,17
95,7	21,205
95,9	21,185
96,1	21,18
96,3	21,135
96,5	21,17
96,7	21,17
96,9	21,195
97,1	21,185
97,3	21,2
97,5	21,16
97,7	21,18
97,9	21,22
98,1	21,195
98,3	21,17
98,5	21,22
98,7	21,2
98,9	21,175
99,1	21,165
99,3	21,21
99,5	21,145
99,7	21,155
99,9	21,16
100,1	21,185
100,3	21,22
100,5	21,155
100,7	21,17
100,9	21,195
101,1	21,165
101,3	21,22
101,5	21,16
101,7	21,225
101,9	21,22
102,1	21,2
102,3	21,175
102,5	21,185
102,7	21,195
102,9	21,16
103,1	21,175
103,3	21,19
103,5	21,18
103,7	21,16
103,9	21,19
104,1	21,19
104,3	21,2
104,5	21,215
104,7	21,16
104,9	21,17
105,1	21,145
105,3	21,22
105,5	21,175
105,7	21,21
105,9	21,16
106,1	21,195
106,3	21,105
106,5	21,185
106,7	21,21
106,9	21,195
107,1	21,16
107,3	21,19
107,5	21,215
107,7	21,16
107,9	21,2
108,1	21,15
108,3	21,2
108,5	21,22
108,7	21,215
108,9	21,14
109,1	21,21
109,3	21,185
109,5	21,22
109,7	21,18
109,9	21,155
110,1	21,17
110,3	21,175
110,5	21,19
110,7	21,15
110,9	21,22
111,1	21,145
111,3	21,22
111,5	21,22
111,7	21,195
111,9	21,22
112,1	21,18
112,3	21,145
112,5	21,18
112,7	21,14
112,9	21,185
113,1	21,165
113,3	21,18
113,5	21,21
113,7	21,165
113,9	21,24
114,1	21,22
114,3	21,16
114,5	21,18
114,7	21,145
114,9	21,135
115,1	21,185
115,3	21,175
115,5	21,22
115,7	21,15
115,9	21,21
116,1	21,22
116,3	21,175
116,5	21,185
116,7	21,185
116,9	21,185
117,1	21,18
117,3	21,205
117,5	21,175
117,7	21,22
117,9	21,185
118,1	21,145
118,3	21,145
118,5	21,155
118,7	21,195
118,9	21,19
119,1	21,21
119,3	21,2
119,5	21,16
119,7	21,14
119,9	21,215
120,1	21,17
120,3	21,185
120,5	21,18
120,7	21,135
120,9	21,14
121,1	21,205
121,3	21,17
121,5	21,125
121,7	21,135
121,9	21,185
122,1	21,175
122,3	21,14
122,5	21,19
122,7	21,15
122,9	21,165
123,1	21,17
123,3	21,18
123,5	21,22
123,7	21,22
123,9	21,19
124,1	21,195
124,3	21,19
124,5	21,185
124,7	21,165
124,9	21,16
125,1	21,19
125,3	21,14
125,5	21,215
125,7	21,14
125,9	21,14
126,1	21,175
126,3	21,165
126,5	21,13
126,7	21,195
126,9	21,175
127,1	21,175
127,3	21,19
127,5	21,185
127,7	21,175
127,9	21,155
128,1	21,15
128,3	21,17
128,5	21,18
128,7	21,205
128,9	21,15
129,1	21,16
129,3	21,18
129,5	21,18
129,7	21,155
129,9	21,195
130,1	21,15
130,3	21,12
130,5	21,19
130,7	21,17
130,9	21,135
131,1	21,205
131,3	21,215
131,5	21,22
131,7	21,205
131,9	21,135
132,1	21,175
132,3	21,165
132,5	21,19
132,7	21,19
132,9	21,18
133,1	21,185
133,3	21,195
133,5	21,215
133,7	21,175
133,9	21,21
134,1	21,205
134,3	21,15
134,5	21,22
134,7	21,15
134,9	21,2
135,1	21,21
135,3	21,175
135,5	21,14
135,7	21,205
135,9	21,19
136,1	21,145
136,3	21,175
136,5	21,205
136,7	21,185
136,9	21,21
137,1	21,125
137,3	21,145
137,5	21,19
137,7	21,185
137,9	21,14
138,1	21,2
138,3	21,19
138,5	21,125
138,7	21,15
138,9	21,13
139,1	21,155
139,3	21,17
139,5	21,175
139,7	21,22
139,9	21,17
140,1	21,17
140,3	21,18
140,5	21,22
140,7	21,155
140,9	21,17
141,1	21,18
141,3	21,165
141,5	21,17
141,7	21,215
141,9	21,175
142,1	21,17
142,3	21,185
142,5	21,165
142,7	21,205
142,9	21,115
143,1	21,125
143,3	21,125
143,5	21,195
143,7	21,18
143,9	21,17
144,1	21,18
144,3	21,135
144,5	21,2
144,7	21,17
144,9	21,14
145,1	21,135
145,3	21,135
145,5	21,13
145,7	21,185
145,9	21,18
146,1	21,15
146,3	21,18
146,5	21,18
146,7	21,21
146,9	21,185
147,1	21,12
147,3	21,18
147,5	21,08
147,7	21,21
147,9	21,185
148,1	21,15
148,3	21,185
148,5	21,14
148,7	21,205
148,9	21,19
149,1	21,205
149,3	21,22
149,5	21,22
149,7	21,22
149,9	21,19
150,1	21,18
150,3	21,22
150,5	21,135
150,7	21,185
150,9	21,21
151,1	21,195
151,3	21,22
151,5	21,175
151,7	21,195
151,9	21,17
152,1	21,19
152,3	21,175
152,5	21,155
152,7	21,18
152,9	21,13
153,1	21,09
153,3	21,155
153,5	21,165
153,7	21,22
153,9	21,18
154,1	21,18
154,3	21,215
154,5	21,195
154,7	21,13
154,9	21,155
155,1	21,145
155,3	21,205
155,5	21,125
155,7	21,22
155,9	21,145
156,1	21,13
156,3	21,19
156,5	21,195
156,7	21,175
156,9	21,17
157,1	21,15
157,3	21,185
157,5	21,195
157,7	21,19
157,9	21,18
158,1	21,19
158,3	21,15
158,5	21,125
158,7	21,16
158,9	21,195
159,1	21,14
159,3	21,09
159,5	21,18
159,7	21,19
159,9	21,195
160,1	21,115
160,3	21,115
160,5	21,195
160,7	21,19
160,9	21,14
161,1	21,155
161,3	21,13
161,5	21,125
161,7	21,13
161,9	21,17
162,1	21,095
162,3	21,145
162,5	21,15
162,7	21,205
162,9	21,16
163,1	21,125
163,3	21,165
163,5	21,15
163,7	21,175
163,9	21,19
164,1	21,185
164,3	21,16
164,5	21,135
164,7	21,175
164,9	21,175
165,1	21,14
165,3	21,15
165,5	21,12
165,7	21,165
165,9	21,145
166,1	21,12
166,3	21,19
166,5	21,175
166,7	21,185
166,9	21,185
167,1	21,17
167,3	21,155
167,5	21,165
167,7	21,18
167,9	21,175
168,1	21,18
168,3	21,14
168,5	21,21
168,7	21,155
168,9	21,22
169,1	21,16
169,3	21,16
169,5	21,175
169,7	21,22
169,9	21,19
170,1	21,175
170,3	21,145
170,5	21,185
170,7	21,13
170,9	21,205
171,1	21,165
171,3	21,165
171,5	21,13
171,7	21,135
171,9	21,17
172,1	21,15
172,3	21,17
172,5	21,15
172,7	21,15
172,9	21,155
173,1	21,135
173,3	21,12
173,5	21,2
173,7	21,185
173,9	21,14
174,1	21,145
174,3	21,16
174,5	21,155
174,7	21,11
174,9	21,105
175,1	21,14
175,3	21,195
175,5	21,15
175,7	21,19
175,9	21,22
176,1	21,15
176,3	21,185
176,5	21,15
176,7	21,19
176,9	21,125
177,1	21,185
177,3	21,195
177,5	21,205
177,7	21,13
177,9	21,165
178,1	21,19
178,3	21,19
178,5	21,175
178,7	21,145
178,9	21,16
179,1	21,135
179,3	21,205
179,5	21,15
179,7	21,165
179,9	21,185
180,1	21,14
180,3	21,165
180,5	21,185
180,7	21,21
180,9	21,16
181,1	21,2
181,3	21,195
181,5	21,13
181,7	21,145
181,9	21,155
182,1	21,15
182,3	21,18
182,5	21,195
182,7	21,18
182,9	21,17
183,1	21,14
183,3	21,145
183,5	21,22
183,7	21,21
183,9	21,205
184,1	21,165
184,3	21,135
184,5	21,15
184,7	21,195
184,9	21,17
185,1	21,17
185,3	21,155
185,5	21,14
185,7	21,165
185,9	21,18
186,1	21,17
186,3	21,165
186,5	21,1
186,7	21,17
186,9	21,125
187,1	21,115
187,3	21,195
187,5	21,17
187,7	21,145
187,9	21,21
188,1	21,18
188,3	21,14
188,5	21,15
188,7	21,175
188,9	21,145
189,1	21,13
189,3	21,19
189,5	21,15
189,7	21,18
189,9	21,18
190,1	21,19
190,3	21,185
190,5	21,155
190,7	21,135
190,9	21,185
191,1	21,175
191,3	21,13
191,5	21,115
191,7	21,185
191,9	21,165
192,1	21,21
192,3	21,16
192,5	21,15
192,7	21,155
192,9	21,16
193,1	21,18
193,3	21,165
193,5	21,21
193,7	21,125
193,9	21,155
194,1	21,175
194,3	21,145
194,5	21,13
194,7	21,17
194,9	21,17
195,1	21,14
195,3	21,14
195,5	21,19
195,7	21,195
195,9	21,155
196,1	21,185
196,3	21,125
196,5	21,155
196,7	21,185
196,9	21,145
197,1	21,065
197,3	21,145
197,5	21,17
197,7	21,17
197,9	21,12
198,1	21,18
198,3	21,175
198,5	21,11
198,7	21,12
198,9	21,145
199,1	21,12
199,3	21,145
199,5	21,17
199,7	21,14
199,9	21,115
200,1	21,185
200,3	21,175
200,5	21,175
200,7	21,145
200,9	21,15
201,1	21,195
201,3	21,115
201,5	21,19
201,7	21,19
201,9	21,13
202,1	21,21
202,3	21,16
202,5	21,15
202,7	21,12
202,9	21,18
203,1	21,125
203,3	21,19
203,5	21,2
203,7	21,16
203,9	21,14
204,1	21,18
204,3	21,19
204,5	21,125
204,7	21,16
204,9	21,155
205,1	21,145
205,3	21,155
205,5	21,155
205,7	21,145
205,9	21,19
206,1	21,195
206,3	21,155
206,5	21,175
206,7	21,185
206,9	21,195
207,1	21,175
207,3	21,145
207,5	21,175
207,7	21,165
207,9	21,155
208,1	21,195
208,3	21,19
208,5	21,135
208,7	21,115
208,9	21,19
209,1	21,165
209,3	21,165
209,5	21,14
209,7	21,13
209,9	21,135
210,1	21,175
210,3	21,17
210,5	21,185
210,7	21,145
210,9	21,16
211,1	21,16
211,3	21,14
211,5	21,14
211,7	21,18
211,9	21,16
212,1	21,195
212,3	21,175
212,5	21,14
212,7	21,18
212,9	21,09
213,1	21,16
213,3	21,12
213,5	21,18
213,7	21,135
213,9	21,12
214,1	21,185
214,3	21,15
214,5	21,155
214,7	21,155
214,9	21,12
215,1	21,125
215,3	21,15
215,5	21,11
215,7	21,12
215,9	21,15
216,1	21,16
216,3	21,125
216,5	21,079
216,7	21,17
216,9	21,145
217,1	21,135
217,3	21,12
217,5	21,175
217,7	21,12
217,9	21,125
218,1	21,155
218,3	21,18
218,5	21,15
218,7	21,095
218,9	21,12
219,1	21,12
219,3	21,1
219,5	21,195
219,7	21,16
219,9	21,12
220,1	21,13
220,3	21,165
220,5	21,08
220,7	21,18
220,9	21,145
221,1	21,135
221,3	21,155
221,5	21,205
221,7	21,17
221,9	21,14
222,1	21,14
222,3	21,185
222,5	21,19
222,7	21,2
222,9	21,195
223,1	21,155
223,3	21,165
223,5	21,165
223,7	21,15
223,9	21,105
224,1	21,135
224,3	21,17
224,5	21,21
224,7	21,16
224,9	21,15
225,1	21,125
225,3	21,135
225,5	21,175
225,7	21,18
225,9	21,17
226,1	21,08
226,3	21,17
226,5	21,125
226,7	21,16
226,9	21,13
227,1	21,16
227,3	21,12
227,5	21,155
227,7	21,19
227,9	21,12
228,1	21,11
228,3	21,15
228,5	21,19
228,7	21,12
228,9	21,16
229,1	21,145
229,3	21,075
229,5	21,115
229,7	21,12
229,9	21,18
230,1	21,125
230,3	21,175
230,5	21,19
230,7	21,175
230,9	21,115
231,1	21,105
231,3	21,105
231,5	21,19
231,7	21,18
231,9	21,145
232,1	21,11
232,3	21,17
232,5	21,175
232,7	21,18
232,9	21,16
233,1	21,125
233,3	21,17
233,5	21,1
233,7	21,185
233,9	21,15
234,1	21,145
234,3	21,18
234,5	21,18
234,7	21,105
234,9	21,14
235,1	21,19
235,3	21,14
235,5	21,145
235,7	21,18
235,9	21,145
236,1	21,18
236,3	21,14
236,5	21,14
236,7	21,15
236,9	21,12
237,1	21,08
237,3	21,17
237,5	21,145
237,7	21,145
237,9	21,125
238,1	21,145
238,3	21,16
238,5	21,145
238,7	21,15
238,9	21,15
239,1	21,12
239,3	21,145
239,5	21,125
239,7	21,09
239,9	21,13
240,1	21,16
240,3	21,155
240,5	21,12
240,7	21,19
240,9	21,11
241,1	21,115
241,3	21,09
241,5	21,125
241,7	21,145
241,9	21,165
242,1	21,17
242,3	21,13
242,5	21,125
242,7	21,13
242,9	21,16
243,1	21,155
243,3	21,14
243,5	21,12
243,7	21,12
243,9	21,12
244,1	21,135
244,3	21,155
244,5	21,17
244,7	21,13
244,9	21,11
245,1	21,165
245,3	21,13
245,5	21,165
245,7	21,115
245,9	21,065
246,1	21,17
246,3	21,165
246,5	21,135
246,7	21,12
246,9	21,125
247,1	21,145
247,3	21,145
247,5	21,115
247,7	21,13
247,9	21,115
248,1	21,13
248,3	21,185
248,5	21,12
248,7	21,12
248,9	21,155
249,1	21,19
249,3	21,155
249,5	21,1
249,7	21,18
249,9	21,12
250,1	21,115
250,3	21,135
250,5	21,12
250,7	21,12
250,9	21,15
251,1	21,15
251,3	21,16
251,5	21,125
251,7	21,08
251,9	21,105
252,1	21,12
252,3	21,12
252,5	21,18
252,7	21,165
252,9	21,145
253,1	21,185
253,3	21,155
253,5	21,11
253,7	21,09
253,9	21,155
254,1	21,15
254,3	21,135
254,5	21,15
254,7	21,18
254,9	21,135
255,1	21,145
255,3	21,089
255,5	21,12
255,7	21,115
255,9	21,17
256,1	21,145
256,3	21,085
256,5	21,16
256,7	21,145
256,9	21,13
257,1	21,135
257,3	21,13
257,5	21,155
257,7	21,12
257,9	21,125
258,1	21,165
258,3	21,155
258,5	21,12
258,7	21,195
258,9	21,185
259,1	21,1
259,3	21,135
259,5	21,13
259,7	21,12
259,9	21,14
260,1	21,1
260,3	21,075
260,5	21,105
260,7	21,165
260,9	21,155
261,1	21,16
261,3	21,165
261,5	21,105
261,7	21,13
261,9	21,2
262,1	21,13
262,3	21,12
262,5	21,13
262,7	21,14
262,9	21,14
263,1	21,12
263,3	21,185
263,5	21,175
263,7	21,185
263,9	21,095
264,1	21,12
264,3	21,135
264,5	21,17
264,7	21,15
264,9	21,165
265,1	21,15
265,3	21,12
265,5	21,19
265,7	21,165
265,9	21,165
266,1	21,145
266,3	21,11
266,5	21,185
266,7	21,145
266,9	21,135
267,1	21,185
267,3	21,095
267,5	21,13
267,7	21,1
267,9	21,165
268,1	21,054
268,3	21,125
268,5	21,1
268,7	21,145
268,9	21,175
269,1	21,15
269,3	21,1
269,5	21,135
269,7	21,13
269,9	21,1
270,1	21,15
270,3	21,16
270,5	21,145
270,7	21,175
270,9	21,125
271,1	21,085
271,3	21,115
271,5	21,145
271,7	21,13
271,9	21,13
272,1	21,125
272,3	21,09
272,5	21,085
272,7	21,12
272,9	21,11
273,1	21,14
273,3	21,14
273,5	21,12
273,7	21,165
273,9	21,1
274,1	21,135
274,3	21,15
274,5	21,125
274,7	21,175
274,9	21,13
275,1	21,155
275,3	21,165
275,5	21,13
275,7	21,18
275,9	21,13
276,1	21,12
276,3	21,145
276,5	21,115
276,7	21,17
276,9	21,095
277,1	21,085
277,3	21,11
277,5	21,115
277,7	21,155
277,9	21,135
278,1	21,14
278,3	21,125
278,5	21,12
278,7	21,13
278,9	21,125
279,1	21,185
279,3	21,14
279,5	21,09
279,7	21,085
279,9	21,13
280,1	21,08
280,3	21,135
280,5	21,18
280,7	21,08
280,9	21,12
281,1	21,12
281,3	21,16
281,5	21,16
281,7	21,15
281,9	21,12
282,1	21,135
282,3	21,145
282,5	21,15
282,7	21,125
282,9	21,17
283,1	21,155
283,3	21,11
283,5	21,145
283,7	21,175
283,9	21,135
284,1	21,135
284,3	21,125
284,5	21,115
284,7	21,135
284,9	21,16
285,1	21,165
285,3	21,115
285,5	21,095
285,7	21,13
285,9	21,08
286,1	21,155
286,3	21,155
286,5	21,09
286,7	21,115
286,9	21,15
287,1	21,135
287,3	21,125
287,5	21,12
287,7	21,085
287,9	21,135
288,1	21,12
288,3	21,125
288,5	21,105
288,7	21,115
288,9	21,135
289,1	21,08
289,3	21,12
289,5	21,13
289,7	21,185
289,9	21,125
290,1	21,08
290,3	21,085
290,5	21,155
290,7	21,145
290,9	21,185
291,1	21,145
291,3	21,13
291,5	21,135
291,7	21,1
291,9	21,118
292,1	21,155
292,3	21,155
292,5	21,16
292,7	21,13
292,9	21,145
293,1	21,14
293,3	21,08
293,5	21,12
293,7	21,12
293,9	21,12
294,1	21,135
294,3	21,18
294,5	21,15
294,7	21,11
294,9	21,16
295,1	21,125
295,3	21,17
295,5	21,115
295,7	21,04
295,9	21,065
296,1	21,14
296,3	21,12
296,5	21,12
296,7	21,16
296,9	21,145
297,1	21,145
297,3	21,125
297,5	21,155
297,7	21,15
297,9	21,105
298,1	21,165
298,3	21,075
298,5	21,125
298,7	21,12
298,9	21,13
299,1	21,13
299,3	21,125
299,5	21,12
299,7	21,08
299,9	21,145
300,1	21,16
300,3	21,135
300,5	21,135
300,7	21,165
300,9	21,13
301,1	21,11
301,3	21,08
301,5	21,095
301,7	21,14
301,9	21,135
302,1	21,1
302,3	21,095
302,5	21,11
302,7	21,145
302,9	21,12
303,1	21,14
303,3	21,155
303,5	21,145
303,7	21,13
303,9	21,135
304,1	21,125
304,3	21,145
304,5	21,17
304,7	21,145
304,9	21,15
305,1	21,075
305,3	21,095
305,5	21,16
305,7	21,075
305,9	21,1
306,1	21,1
306,3	21,125
306,5	21,145
306,7	21,15
306,9	21,125
307,1	21,069
307,3	21,09
307,5	21,11
307,7	21,11
307,9	21,13
308,1	21,068
308,3	21,11
308,5	21,08
308,7	21,105
308,9	21,175
309,1	21,135
309,3	21,115
309,5	21,12
309,7	21,12
309,9	21,16
310,1	21,135
310,3	21,145
310,5	21,13
310,7	21,095
310,9	21,13
311,1	21,17
311,3	21,13
311,5	21,115
311,7	21,11
311,9	21,11
312,1	21,13
312,3	21,145
312,5	21,12
312,7	21,14
312,9	21,15
313,1	21,165
313,3	21,175
313,5	21,11
313,7	21,11
313,9	21,14
314,1	21,16
314,3	21,14
314,5	21,085
314,7	21,155
314,9	21,125
315,1	21,11
315,3	21,11
315,5	21,105
315,7	21,19
315,9	21,13
316,1	21,165
316,3	21,12
316,5	21,11
316,7	21,15
316,9	21,145
317,1	21,165
317,3	21,16
317,5	21,15
317,7	21,14
317,9	21,135
318,1	21,095
318,3	21,12
318,5	21,155
318,7	21,12
318,9	21,13
319,1	21,11
319,3	21,155
319,5	21,14
319,7	21,12
319,9	21,13
320,1	21,09
320,3	21,085
320,5	21,12
320,7	21,085
320,9	21,12
321,1	21,15
321,3	21,16
321,5	21,15
321,7	21,14
321,9	21,15
322,1	21,135
322,3	21,185
322,5	21,135
322,7	21,115
322,9	21,08
323,1	21,125
323,3	21,12
323,5	21,12
323,7	21,09
323,9	21,15
324,1	21,115
324,3	21,085
324,5	21,14
324,7	21,1
324,9	21,054
325,1	21,12
325,3	21,125
325,5	21,12
325,7	21,12
325,9	21,16
326,1	21,12
326,3	21,1
326,5	21,165
326,7	21,065
326,9	21,105
327,1	21,135
327,3	21,11
327,5	21,115
327,7	21,14
327,9	21,08
328,1	21,135
328,3	21,11
328,5	21,11
328,7	21,115
328,9	21,135
329,1	21,12
329,3	21,11
329,5	21,17
329,7	21,12
329,9	21,085
330,1	21,155
330,3	21,155
330,5	21,125
330,7	21,11
330,9	21,15
331,1	21,14
331,3	21,13
331,5	21,075
331,7	21,16
331,9	21,125
332,1	21,125
332,3	21,12
332,5	21,13
332,7	21,12
332,9	21,085
333,1	21,135
333,3	21,1
333,5	21,155
333,7	21,15
333,9	21,12
334,1	21,12
334,3	21,16
334,5	21,115
334,7	21,12
334,9	21,12
335,1	21,145
335,3	21,11
335,5	21,145
335,7	21,17
335,9	21,115
336,1	21,105
336,3	21,135
336,5	21,175
336,7	21,15
336,9	21,15
337,1	21,105
337,3	21,12
337,5	21,12
337,7	21,105
337,9	21,07
338,1	21,115
338,3	21,12
338,5	21,115
338,7	21,165
338,9	21,115
339,1	21,09
339,3	21,1
339,5	21,085
339,7	21,09
339,9	21,165
340,1	21,13
340,3	21,14
340,5	21,115
340,7	21,1
340,9	21,12
341,1	21,037
341,3	21,075
341,5	21,105
341,7	21,125
341,9	21,135
342,1	21,14
342,3	21,12
342,5	21,115
342,7	21,105
342,9	21,12
343,1	21,12
343,3	21,17
343,5	21,125
343,7	21,12
343,9	21,155
344,1	21,155
344,3	21,12
344,5	21,12
344,7	21,085
344,9	21,125
345,1	21,12
345,3	21,09
345,5	21,1
345,7	21,145
345,9	21,14
346,1	21,125
346,3	21,115
346,5	21,12
346,7	21,12
346,9	21,125
347,1	21,125
347,3	21,12
347,5	21,105
347,7	21,12
347,9	21,09
348,1	21,11
348,3	21,115
348,5	21,09
348,7	21,115
348,9	21,095
349,1	21,065
349,3	21,12
349,5	21,095
349,7	21,13
349,9	21,085
350,1	21,155
350,3	21,12
350,5	21,12
350,7	21,105
350,9	21,12
351,1	21,08
351,3	21,09
351,5	21,12
351,7	21,12
351,9	21,08
352,1	21,09
352,3	21,1
352,5	21,11
352,7	21,08
352,9	21,08
353,1	21,16
353,3	21,125
353,5	21,13
353,7	21,12
353,9	21,11
354,1	21,125
354,3	21,12
354,5	21,1
354,7	21,12
354,9	21,085
355,1	21,15
355,3	21,155
355,5	21,165
355,7	21,12
355,9	21,135
356,1	21,135
356,3	21,14
356,5	21,14
356,7	21,125
356,9	21,085
357,1	21,095
357,3	21,07
357,5	21,135
357,7	21,115
357,9	21,08
358,1	21,1
358,3	21,048
358,5	21,11
358,7	21,075
358,9	21,155
359,1	21,105
359,3	21,085
359,5	21,12
359,7	21,08
359,9	21,08
360,1	21,075
360,3	21,105
360,5	21,155
360,7	21,095
360,9	21,105
361,1	21,08
361,3	21,12
361,5	21,135
361,7	21,115
361,9	21,115
362,1	21,085
362,3	21,12
362,5	21,12
362,7	21,085
362,9	21,12
363,1	21,11
363,3	21,115
363,5	21,12
363,7	21,08
363,9	21,075
364,1	21,105
364,3	21,085
364,5	21,065
364,7	21,045
364,9	21,09
365,1	21,06
365,3	21,08
365,5	21,11
365,7	21,11
365,9	21,075
366,1	21,09
366,3	21,1
366,5	21,115
366,7	21,12
366,9	21,12
367,1	21,12
367,3	21,105
367,5	21,115
367,7	21,155
367,9	21,095
368,1	21,075
368,3	21,09
368,5	21,08
368,7	21,09
368,9	21,085
369,1	21,12
369,3	21,08
369,5	21,095
369,7	21,07
369,9	21,085
370,1	21,12
370,3	21,085
370,5	21,115
370,7	21,115
370,9	21,07
371,1	21,085
371,3	21,105
371,5	21,13
371,7	21,1
371,9	21,07
372,1	21,125
372,3	21,105
372,5	21,11
372,7	21,085
372,9	21,085
373,1	21,115
373,3	21,085
373,5	21,11
373,7	21,09
373,9	21,15
374,1	21,074
374,3	21,11
374,5	21,095
374,7	21,12
374,9	21,105
375,1	21,17
375,3	21,115
375,5	21,12
375,7	21,125
375,9	21,085
376,1	21,08
376,3	21,115
376,5	21,105
376,7	21,13
376,9	21,14
377,1	21,12
377,3	21,085
377,5	21,125
377,7	21,085
377,9	21,07
378,1	21,115
378,3	21,054
378,5	21,085
378,7	21,115
378,9	21,115
379,1	21,08
379,3	21,09
379,5	21,11
379,7	21,12
379,9	21,12
380,1	21,105
380,3	21,11
380,5	21,09
380,7	21,058
380,9	21,07
381,1	21,09
381,3	21,11
381,5	21,12
381,7	21,13
381,9	21,13
382,1	21,11
382,3	21,08
382,5	21,055
382,7	21,12
382,9	21,095
383,1	21,08
383,3	21,075
383,5	21,105
383,7	21,12
383,9	21,12
384,1	21,125
384,3	21,095
384,5	21,1
384,7	21,105
384,9	21,09
385,1	21,105
385,3	21,08
385,5	21,12
385,7	21,14
385,9	21,08
386,1	21,07
386,3	21,075
386,5	21,085
386,7	21,11
386,9	21,075
387,1	21,039
387,3	21,11
387,5	21,075
387,7	21,12
387,9	21,11
388,1	21,09
388,3	21,054
388,5	21,115
388,7	21,1
388,9	21,11
389,1	21,044
389,3	21,11
389,5	21,09
389,7	21,14
389,9	21,12
390,1	21,1
390,3	21,11
390,5	21,075
390,7	21,075
390,9	21,095
391,1	21,115
391,3	21,085
391,5	21,11
391,7	21,12
391,9	21,09
392,1	21,09
392,3	21,075
392,5	21,155
392,7	21,085
392,9	21,155
393,1	21,12
393,3	21,08
393,5	21,12
393,7	21,145
393,9	21,115
394,1	21,08
394,3	21,105
394,5	21,135
394,7	21,105
394,9	21,055
395,1	21,055
395,3	21,085
395,5	21,065
395,7	21,105
395,9	21,085
396,1	21,115
396,3	21,09
396,5	21,11
396,7	21,115
396,9	21,075
397,1	21,05
397,3	21,085
397,5	21,105
397,7	21,12
397,9	21,105
398,1	21,055
398,3	21,08
398,5	21,125
398,7	21,115
398,9	21,1
399,1	21,115
399,3	21,085
399,5	21,12
399,7	21,155
399,9	21,11
400,1	21,1
400,3	21,105
400,5	21,09
400,7	21,105
400,9	21,07
401,1	21,06
401,3	21,095
401,5	21,08
401,7	21,12
401,9	21,135
402,1	21,12
402,3	21,095
402,5	21,105
402,7	21,115
402,9	21,12
403,1	21,12
403,3	21,095
403,5	21,155
403,7	21,13
403,9	21,125
404,1	21,095
404,3	21,07
404,5	21,09
404,7	21,125
404,9	21,08
405,1	21,095
405,3	21,13
405,5	21,09
405,7	21,135
405,9	21,115
406,1	21,11
406,3	21,048
406,5	21,11
406,7	21,085
406,9	21,12
407,1	21,12
407,3	21,075
407,5	21,034
407,7	21,059
407,9	21,08
408,1	21,1
408,3	21,09
408,5	21,09
408,7	21,12
408,9	21,105
409,1	21,155
409,3	21,105
409,5	21,13
409,7	21,13
409,9	21,12
410,1	21,125
410,3	21,08
410,5	21,075
410,7	21,074
410,9	21,09
411,1	21,09
411,3	21,115
411,5	21,12
411,7	21,165
411,9	21,13
412,1	21,105
412,3	21,033
412,5	21,1
412,7	21,075
412,9	21,085
413,1	21,05
413,3	21,054
413,5	21,085
413,7	21,04
413,9	21,115
414,1	21,085
414,3	21,038
414,5	21,075
414,7	21,08
414,9	21,12
415,1	21,12
415,3	21,059
415,5	21,12
415,7	21,12
415,9	21,095
416,1	21,1
416,3	21,09
416,5	21,059
416,7	21,044
416,9	21,054
417,1	21,09
417,3	21,12
417,5	21,09
417,7	21,007
417,9	21,115
418,1	21,095
418,3	21,063
418,5	21,08
418,7	21,12
418,9	21,08
419,1	21,085
419,3	21,1
419,5	21,125
419,7	21,1
419,9	21,02
420,1	21,09
420,3	21,14
420,5	21,08
420,7	21,09
420,9	21,07
421,1	21,12
421,3	21,09
421,5	21,08
421,7	21,038
421,9	21,12
422,1	21,08
422,3	21,075
422,5	21,095
422,7	21,12
422,9	21,08
423,1	21,12
423,3	21,085
423,5	21,075
423,7	21,12
423,9	21,12
424,1	21,115
424,3	21,12
424,5	21,059
424,7	21,095
424,9	21,085
425,1	21,044
425,3	21,105
425,5	21,12
425,7	21,06
425,9	21,075
426,1	21,12
426,3	21,07
426,5	21,038
426,7	21,07
426,9	21,095
427,1	21,08
427,3	21,075
427,5	21,11
427,7	21,1
427,9	21,12
428,1	21,09
428,3	21,055
428,5	21,095
428,7	21,05
428,9	21,06
429,1	21,12
429,3	21,08
429,5	21,065
429,7	21,044
429,9	21,12
430,1	21,13
430,3	21,12
430,5	21,075
430,7	21,075
430,9	21,055
431,1	21,085
431,3	21,02
431,5	21,085
431,7	21,12
431,9	21,12
432,1	21,16
432,3	21,089
432,5	21,07
432,7	21,14
432,9	21,08
433,1	21,12
433,3	21,06
433,5	21,12
433,7	21,095
433,9	21,115
434,1	21,135
434,3	21,07
434,5	21,04
434,7	21,085
434,9	21,115
435,1	21,135
435,3	21,11
435,5	21,11
435,7	21,11
435,9	21,07
436,1	21,115
436,3	21,075
436,5	21,12
436,7	21,075
436,9	21,06
437,1	21,08
437,3	21,095
437,5	21,08
437,7	21,04
437,9	21,09
438,1	21,12
438,3	21,105
438,5	21,08
438,7	21,1
438,9	21,085
439,1	21,07
439,3	21,044
439,5	21,055
439,7	21,11
439,9	21,035
440,1	21,07
440,3	21,08
440,5	21,08
440,7	21,115
440,9	21,034
441,1	21,065
441,3	21,1
441,5	21,034
441,7	21,003
441,9	21,1
442,1	21,105
442,3	21,075
442,5	21,085
442,7	21,075
442,9	21,023
443,1	21,09
443,3	21,044
443,5	21,07
443,7	21,115
443,9	21,085
444,1	21,105
444,3	21,08
444,5	21,105
444,7	21,11
444,9	21,07
445,1	21,11
445,3	21,08
445,5	21,06
445,7	21,105
445,9	21,1
446,1	21,085
446,3	21,095
446,5	21,12
446,7	21,06
446,9	21,055
447,1	21,008
447,3	21,055
447,5	21,12
447,7	21,09
447,9	21,08
448,1	21,013
448,3	21,11
448,5	21,075
448,7	21,075
448,9	21,08
449,1	21,11
449,3	21,08
449,5	21,08
449,7	21,06
449,9	21,055
450,1	21,095
450,3	21,105
450,5	21,09
450,7	21,12
450,9	21,14
451,1	21,105
451,3	21,105
451,5	21,095
451,7	21,075
451,9	21,05
452,1	21,105
452,3	21,12
452,5	21,095
452,7	21,105
452,9	21,075
453,1	21,09
453,3	21,065
453,5	21,075
453,7	21,08
453,9	21,055
454,1	21,075
454,3	21,095
454,5	21,085
454,7	21,074
454,9	21,044
455,1	21,09
455,3	21,044
455,5	21,075
455,7	21,059
455,9	21,07
456,1	21,07
456,3	21,105
456,5	21,12
456,7	21,07
456,9	21,05
457,1	21,024
457,3	21,09
457,5	21,07
457,7	21,115
457,9	21,09
458,1	21,04
458,3	21,1
458,5	21,065
458,7	21,054
458,9	21,044
459,1	21,12
459,3	21,075
459,5	21,075
459,7	21,12
459,9	21,055
460,1	21,085
460,3	21,12
460,5	21,075
460,7	21,07
460,9	21,018
461,1	21,049
461,3	21,085
461,5	21,12
461,7	21,075
461,9	21,095
462,1	21,12
462,3	21,095
462,5	21,085
462,7	21,04
462,9	21,035
463,1	21,12
463,3	21,09
463,5	21,038
463,7	21,08
463,9	21,085
464,1	21,058
464,3	21,115
464,5	21,018
464,7	21,11
464,9	21,085
465,1	21,085
465,3	21,095
465,5	21,05
465,7	21,045
465,9	21,06
466,1	21,1
466,3	21,09
466,5	21,095
466,7	21,1
466,9	21,065
467,1	21,07
467,3	21,04
467,5	21,07
467,7	21,085
467,9	21,075
468,1	21,12
468,3	21,12
468,5	21,06
468,7	21,09
468,9	21,145
469,1	21,06
469,3	21,085
469,5	21,04
469,7	21,05
469,9	21,038
470,1	21,065
470,3	21,105
470,5	21,11
470,7	21,028
470,9	21,12
471,1	21,06
471,3	21,044
471,5	21,044
471,7	21,07
471,9	21,045
472,1	21,075
472,3	21,12
472,5	21,12
472,7	21,075
472,9	21,11
473,1	21,075
473,3	21,09
473,5	21,085
473,7	21,11
473,9	21,105
474,1	21,08
474,3	21,12
474,5	21,115
474,7	21,09
474,9	21,044
475,1	21,1
475,3	21,085
475,5	21,095
475,7	21,013
475,9	21,04
476,1	21,07
476,3	21,08
476,5	21,11
476,7	21,045
476,9	21,053
477,1	21,06
477,3	21,105
477,5	21,115
477,7	21,075
477,9	21,034
478,1	21,095
478,3	21,06
478,5	21,12
478,7	21,09
478,9	21,115
479,1	21,12
479,3	21,039
479,5	21,059
479,7	21,079
479,9	21,05
480,1	21,037
480,3	21,075
480,5	21,08
480,7	21,12
480,9	21,095
481,1	21,055
481,3	21,055
481,5	21,115
481,7	21,08
481,9	21,055
482,1	21,085
482,3	21,045
482,5	21,115
482,7	21,115
482,9	21,08
483,1	21,08
483,3	21,079
483,5	21,048
483,7	21,07
483,9	21,12
484,1	21,075
484,3	21,115
484,5	21,09
484,7	21,08
484,9	21,085
485,1	21,075
485,3	21,055
485,5	21,017
485,7	21,079
485,9	21,06
486,1	21,08
486,3	21,05
486,5	21,115
486,7	21,07
486,9	21,075
487,1	21,055
487,3	21,04
487,5	21,115
487,7	21,055
487,9	21,08
488,1	21,075
488,3	21,105
488,5	21,115
488,7	21,11
488,9	21,075
489,1	21,06
489,3	21,049
489,5	21,05
489,7	21,03
489,9	21,05
490,1	21,055
490,3	21,055
490,5	21,11
490,7	21,12
490,9	21,105
491,1	21,1
491,3	21,075
491,5	21,045
491,7	21,075
491,9	21,069
492,1	21,07
492,3	21,08
492,5	21,065
492,7	21,09
492,9	21,045
493,1	21,09
493,3	21,085
493,5	21,1
493,7	21,085
493,9	21,11
494,1	21,085
494,3	21,085
494,5	21,1
494,7	21,09
494,9	21,065
495,1	21,05
495,3	21,085
495,5	21,085
495,7	21,09
495,9	21,08
496,1	21,115
496,3	21,075
496,5	21,12
496,7	21,095
496,9	21,07
497,1	21,065
497,3	21,045
497,5	21,06
497,7	21,095
497,9	21,06
498,1	21,045
498,3	21,059
498,5	21,095
498,7	21,09
498,9	21,05
499,1	21,038
499,3	21,065
499,5	21,075
499,7	21,054
499,9	21,105
500,1	21,08
500,3	21,11
500,5	21,09
500,7	21,12
500,9	21,07
501,1	21,045
501,3	21,06
501,5	21,12
501,7	21,075
501,9	21,039
502,1	21,018
502,3	21,017
502,5	21,085
502,7	21,16
502,9	21,1
503,1	21,06
503,3	21,065
503,5	21,08
503,7	21,05
503,9	21,028
504,1	21,105
504,3	21,07
504,5	21,1
504,7	21,12
504,9	21,085
505,1	21,07
505,3	21,06
505,5	21,105
505,7	21,1
505,9	21,055
506,1	21,045
506,3	21,1
506,5	21,07
506,7	21,08
506,9	21,12
507,1	21,11
507,3	21,065
507,5	21,074
507,7	21,075
507,9	21,044
508,1	21,049
508,3	21,002
508,5	21,029
508,7	21,105
508,9	21,105
509,1	21,043
509,3	21,11
509,5	21,075
509,7	21,065
509,9	21,04
510,1	21,105
510,3	21,05
510,5	21,044
510,7	21,1
510,9	21,08
511,1	21,055
511,3	21,044
511,5	21,105
511,7	21,115
511,9	21,075
512,1	21,04
512,3	21,12
512,5	21,045
512,7	21,095
512,9	21,032
513,1	21,085
513,3	21,06
513,5	21,054
513,7	21,06
513,9	21,075
514,1	21,06
514,3	21,055
514,5	21,04
514,7	21,029
514,9	21,09
515,1	21,044
515,3	21,017
515,5	21,1
515,7	21,06
515,9	21,07
516,1	21,065
516,3	21,105
516,5	21,09
516,7	21,095
516,9	21,065
517,1	21,059
517,3	21,029
517,5	21,07
517,7	21,1
517,9	21,09
518,1	21,075
518,3	21,08
518,5	21,12
518,7	21,044
518,9	21,08
519,1	21,04
519,3	21,027
519,5	21,07
519,7	21,059
519,9	21,12
520,1	21,06
520,3	21,11
520,5	21,105
520,7	21,095
520,9	21,105
521,1	21,09
521,3	21,075
521,5	21,07
521,7	21,05
521,9	21,12
522,1	21,035
522,3	21,07
522,5	20,976
522,7	21,055
522,9	21,095
523,1	21,095
523,3	21,049
523,5	21,06
523,7	21,035
523,9	21,075
524,1	21,115
524,3	21,035
524,5	21,085
524,7	21,095
524,9	21,09
525,1	21,075
525,3	21,05
525,5	21,105
525,7	20,992
525,9	21,095
526,1	21,065
526,3	21,065
526,5	21,08
526,7	21,12
526,9	21,08
527,1	21,05
527,3	21,055
527,5	21,04
527,7	21,07
527,9	21,095
528,1	21,075
528,3	21,03
528,5	21,11
528,7	21,075
528,9	21,08
529,1	21,07
529,3	21,085
529,5	21,04
529,7	21,065
529,9	21,08
530,1	21,12
530,3	21,075
530,5	21,1
530,7	21,12
530,9	21,105
531,1	21,04
531,3	21,035
531,5	21,034
531,7	21,075
531,9	21,044
532,1	21,02
532,3	21,07
532,5	21,06
532,7	21,075
532,9	21,08
533,1	21,055
533,3	21,034
533,5	21,045
533,7	21,05
533,9	21,064
534,1	21,09
534,3	21,035
534,5	21,04
534,7	21,045
534,9	21,085
535,1	21,115
535,3	21,05
535,5	21,065
535,7	21,035
535,9	21,065
536,1	21,04
536,3	21,07
536,5	21,033
536,7	21,1
536,9	21,105
537,1	21,085
537,3	21,05
537,5	21,035
537,7	21,05
537,9	21,055
538,1	21,03
538,3	21,055
538,5	21,034
538,7	21,105
538,9	21,095
539,1	21,09
539,3	21,085
539,5	21,028
539,7	21,019
539,9	21,035
540,1	21,09
540,3	21,09
540,5	21,04
540,7	21,055
540,9	21,11
541,1	21,08
541,3	21,014
541,5	20,986
541,7	21,019
541,9	21,1
542,1	21,085
542,3	21,05
542,5	21,12
542,7	21,07
542,9	21,1
543,1	21,085
543,3	21,08
543,5	21,09
543,7	21,055
543,9	21,006
544,1	21,085
544,3	21,05
544,5	21,08
544,7	21,11
544,9	21,12
545,1	21,07
545,3	21,06
545,5	21,055
545,7	21,095
545,9	21,08
546,1	21,105
546,3	21,085
546,5	21,075
546,7	21,07
546,9	21,09
547,1	21,065
547,3	21,04
547,5	21,05
547,7	21,05
547,9	21,055
548,1	21,055
548,3	21,034
548,5	21,05
548,7	21,06
548,9	21,05
549,1	21,045
549,3	21,1
549,5	21,1
549,7	21,035
549,9	21,085
550,1	21,07
550,3	21,06
550,5	21,065
550,7	21,025
550,9	21,095
551,1	21,115
551,3	21,035
551,5	21,04
551,7	21,08
551,9	21,045
552,1	21,002
552,3	21,018
552,5	21,11
552,7	21,075
552,9	21,08
553,1	21,085
553,3	21,027
553,5	21,035
553,7	21,065
553,9	21,019
554,1	21,09
554,3	21,06
554,5	21,065
554,7	21,12
554,9	21,075
555,1	21,12
555,3	21,07
555,5	21,085
555,7	21,065
555,9	21,044
556,1	21,045
556,3	21,055
556,5	21,065
556,7	21,08
556,9	21,095
557,1	21,05
557,3	21,11
557,5	21,04
557,7	21,085
557,9	21,065
558,1	21,07
558,3	21,06
558,5	21,08
558,7	21,05
558,9	21,08
559,1	21,05
559,3	21,065
559,5	21,065
559,7	21,055
559,9	21,009
560,1	21,065
560,3	21,075
560,5	21,04
560,7	21,035
560,9	21,045
561,1	21,12
561,3	21,04
561,5	21,06
561,7	21,059
561,9	21,035
562,1	21,075
562,3	21,07
562,5	21,055
562,7	21,035
562,9	21,04
563,1	21,105
563,3	21,07
563,5	21,039
563,7	21,095
563,9	21,055
564,1	21,027
564,3	21,07
564,5	21,045
564,7	21,045
564,9	21,075
565,1	21,025
565,3	21,059
565,5	21,018
565,7	21,05
565,9	21,07
566,1	21,05
566,3	21,055
566,5	21,06
566,7	21,045
566,9	21,06
567,1	21,09
567,3	21,07
567,5	21,018
567,7	21,075
567,9	21,044
568,1	21,045
568,3	21,054
568,5	21,03
568,7	21,06
568,9	21,049
569,1	21,08
569,3	21,045
569,5	21,06
569,7	21,05
569,9	21,029
570,1	21,029
570,3	21,05
570,5	21,05
570,7	21,095
570,9	21,045
571,1	21,06
571,3	21,065
571,5	21,05
571,7	21,045
571,9	21,085
572,1	21,055
572,3	21,024
572,5	21,115
572,7	21,032
572,9	21,002
573,1	21,08
573,3	21,045
573,5	21,095
573,7	21,09
573,9	21,023
574,1	21,035
574,3	21,07
574,5	21,013
574,7	21,04
574,9	21,023
575,1	21,085
575,3	21,095
575,5	21,044
575,7	21,075
575,9	21,034
576,1	21,07
576,3	21,028
576,5	21,039
576,7	21,034
576,9	21,017
577,1	21,065
577,3	21,08
577,5	21,065
577,7	21,018
577,9	21,05
578,1	21,04
578,3	21,039
578,5	21,05
578,7	21,04
578,9	21,05
579,1	21,059
579,3	21,064
579,5	21,075
579,7	21,008
579,9	21,05
580,1	21,06
580,3	21,059
580,5	21,013
580,7	20,987
580,9	21,04
581,1	21,075
581,3	21,07
581,5	21,075
581,7	21,039
581,9	21,034
582,1	21,06
582,3	21,065
582,5	21,06
582,7	21,03
582,9	21,024
583,1	21,012
583,3	20,991
583,5	21,055
583,7	21,029
583,9	21,011
584,1	21,075
584,3	21,035
584,5	21,045
584,7	21,045
584,9	21,07
585,1	21,04
585,3	21,04
585,5	21,065
585,7	21,065
585,9	21,044
586,1	21,039
586,3	21,017
586,5	21,05
586,7	21,028
586,9	21,05
587,1	21,05
587,3	21,013
587,5	21,014
587,7	21,105
587,9	21,06
588,1	21,105
588,3	21,035
588,5	20,997
588,7	21,003
588,9	20,975
589,1	21,085
589,3	21,08
589,5	21,075
589,7	21,07
589,9	21,025
590,1	21,035
590,3	21,07
590,5	21,025
590,7	21,035
590,9	21,055
591,1	21,075
591,3	21,1
591,5	21,05
591,7	21,035
591,9	21,02
592,1	21,045
592,3	21,035
592,5	21,018
592,7	21,06
592,9	21,03
593,1	21,065
593,3	21,085
593,5	21,095
593,7	21,065
593,9	21,055
594,1	21,04
594,3	21,05
594,5	21,024
594,7	21,035
594,9	21,07
595,1	21,095
595,3	21,075
595,5	21,045
595,7	21,05
595,9	21,028
596,1	21,075
596,3	21,035
596,5	21,045
596,7	21,025
596,9	20,954
597,1	21,05
597,3	21,05
597,5	20,997
597,7	21,014
597,9	21,02
598,1	21,05
598,3	21,1
598,5	21,06
598,7	21,065
598,9	21,075
599,1	21,045
599,3	20,997
599,5	21,095
599,7	21,06
599,9	21,039
600,1	21,08
600,3	21,07
600,5	21,023
600,7	21,055
600,9	21,022
601,1	20,997
601,3	21,065
601,5	21,07
601,7	21,05
601,9	21,044
602,1	21,025
602,3	21,08
602,5	21,02
602,7	21,05
602,9	21,013
603,1	21,035
603,3	21,08
603,5	21,075
603,7	21,05
603,9	21,05
604,1	21,065
604,3	21,017
604,5	21,04
604,7	21,04
604,9	20,998
605,1	21,025
605,3	21,03
605,5	21,009
605,7	21,06
605,9	21,025
606,1	21,03
606,3	21,035
606,5	21,025
606,7	21,035
606,9	21,04
607,1	21,035
607,3	21,02
607,5	21,014
607,7	21,035
607,9	21,055
608,1	21,07
608,3	21,035
608,5	21,034
608,7	21,025
608,9	21,023
609,1	21,014
609,3	21,025
609,5	21,02
609,7	21,045
609,9	21,025
610,1	21,045
610,3	21,023
610,5	21,002
610,7	21,003
610,9	21,04
611,1	21,035
611,3	21,059
611,5	21,004
611,7	21,07
611,9	21,04
612,1	21,05
612,3	21,03
612,5	21,023
612,7	21,025
612,9	20,998
613,1	21,007
613,3	21,03
613,5	21,035
613,7	20,991
613,9	21,044
614,1	21,017
614,3	20,985
614,5	21,045
614,7	20,998
614,9	21,045
615,1	20,981
615,3	21,025
615,5	21,02
615,7	21,06
615,9	21,045
616,1	20,948
616,3	21,025
616,5	21,034
616,7	21,019
616,9	21,044
617,1	21,029
617,3	20,953
617,5	21,02
617,7	21,07
617,9	21,038
618,1	21,024
618,3	21,012
618,5	21,039
618,7	21,07
618,9	21,02
619,1	21,02
619,3	20,982
619,5	21,045
619,7	21,075
619,9	21,095
620,1	21,02
620,3	21,035
620,5	21,03
620,7	21,014
620,9	21,019
621,1	21,035
621,3	21,039
621,5	21,095
621,7	21,06
621,9	21,055
622,1	21,095
622,3	21,004
622,5	21,055
622,7	21,019
622,9	21,032
623,1	21,07
623,3	21,045
623,5	21,019
623,7	21,05
623,9	21,02
624,1	21,045
624,3	21,022
624,5	20,948
624,7	20,965
624,9	21,045
625,1	21,02
625,3	21,009
625,5	21,04
625,7	21,06
625,9	21,04
626,1	21,045
626,3	21,055
626,5	21,045
626,7	21,04
626,9	21,004
627,1	20,976
627,3	21,045
627,5	21,06
627,7	21,025
627,9	21,03
628,1	20,992
628,3	21,04
628,5	21,029
628,7	21,02
628,9	21,024
629,1	21,035
629,3	21,03
629,5	21,023
629,7	21,04
629,9	21,035
630,1	21,055
630,3	21,025
630,5	21,002
630,7	20,982
630,9	21,024
631,1	21,03
631,3	20,992
631,5	21,065
631,7	21,045
631,9	21,04
632,1	21,085
632,3	21,029
632,5	21,03
632,7	21,03
632,9	20,993
633,1	21,044
633,3	21,035
633,5	21,02
633,7	20,981
633,9	21,035
634,1	21,039
634,3	21,055
634,5	21,014
634,7	21,009
634,9	21,017
635,1	20,976
635,3	21,009
635,5	21,008
635,7	21,045
635,9	21,012
636,1	21,024
636,3	21,014
636,5	21,034
636,7	20,938
636,9	21,003
637,1	21,035
637,3	21,065
637,5	20,997
637,7	21,095
637,9	21,055
638,1	21,055
638,3	21,075
638,5	21,04
638,7	21,028
638,9	21,029
639,1	21,02
639,3	21,025
639,5	21,035
639,7	20,996
639,9	21,05
640,1	21,055
640,3	20,943
640,5	21,02
640,7	21,049
640,9	21,045
641,1	21,014
641,3	21,014
641,5	20,965
641,7	21,025
641,9	21,06
642,1	21,024
642,3	20,992
642,5	21,025
642,7	20,959
642,9	21,06
643,1	21,014
643,3	21,018
643,5	21,002
643,7	21,054
643,9	21,04
644,1	21,045
644,3	21,04
644,5	21,09
644,7	21,04
644,9	21,014
645,1	21,045
645,3	20,997
645,5	21,02
645,7	21,1
645,9	21,085
646,1	21,07
646,3	21,04
646,5	21,024
646,7	20,992
646,9	21,014
647,1	21,11
647,3	21,012
647,5	20,997
647,7	21,02
647,9	21,014
648,1	21,035
648,3	21,008
648,5	21,014
648,7	21,03
648,9	21,055
649,1	21,03
649,3	21,035
649,5	21,045
649,7	21,035
649,9	21,02
650,1	21,025
650,3	21,048
650,5	21,024
650,7	21,025
650,9	20,981
651,1	20,997
651,3	21,014
651,5	21,014
651,7	21,04
651,9	21,025
652,1	21,033
652,3	20,959
652,5	21,06
652,7	20,981
652,9	20,987
653,1	20,998
653,3	20,998
653,5	21,044
653,7	21,06
653,9	21,075
654,1	21,045
654,3	21,025
654,5	21,025
654,7	21,014
654,9	21,02
655,1	21,004
655,3	20,987
655,5	21,024
655,7	21,029
655,9	21,06
656,1	21,024
656,3	21,024
656,5	21,004
656,7	21,029
656,9	21,04
657,1	21,018
657,3	21,035
657,5	21,02
657,7	21,003
657,9	21,049
658,1	21,059
658,3	20,992
658,5	21,02
658,7	21,02
658,9	21,014
659,1	21,003
659,3	21,04
659,5	21,013
659,7	21,028
659,9	20,998
660,1	21,035
660,3	21,023
660,5	21,003
660,7	20,998
660,9	21,008
661,1	21,03
661,3	20,943
661,5	21,002
661,7	21,029
661,9	21,035
662,1	20,987
662,3	21,04
662,5	20,96
662,7	21,019
662,9	21,02
663,1	20,982
663,3	21,018
663,5	20,97
663,7	21,019
663,9	20,992
664,1	21,03
664,3	21,04
664,5	20,992
664,7	21,014
664,9	21,035
665,1	20,982
665,3	21,024
665,5	21,019
665,7	21,025
665,9	21,02
666,1	21,014
666,3	21,035
666,5	21,019
666,7	21,045
666,9	21,024
667,1	20,971
667,3	21,025
667,5	21,035
667,7	20,975
667,9	20,933
668,1	21,014
668,3	21,045
668,5	20,997
668,7	21,02
668,9	21,018
669,1	21,025
669,3	21,055
669,5	21,014
669,7	21,04
669,9	21,003
670,1	20,96
670,3	20,992
670,5	21,014
670,7	21,039
670,9	21,019
671,1	21,02
671,3	21,02
671,5	21,04
671,7	21,02
671,9	20,965
672,1	21,02
672,3	21,03
672,5	21,025
672,7	21,025
672,9	20,987
673,1	21
673,3	20,992
673,5	21,013
673,7	21,004
673,9	21,02
674,1	21,018
674,3	21,044
674,5	20,992
674,7	20,97
674,9	20,992
675,1	21,02
675,3	21,009
675,5	21,045
675,7	21,014
675,9	20,982
676,1	20,976
676,3	21,06
676,5	21,002
676,7	21,035
676,9	21,009
677,1	20,987
677,3	20,948
677,5	20,987
677,7	21,014
677,9	21,02
678,1	21,003
678,3	21,05
678,5	21,009
678,7	21,014
678,9	21,033
679,1	21,074
679,3	21,029
679,5	20,976
679,7	21,004
679,9	21,045
680,1	21,04
680,3	21,04
680,5	20,954
680,7	21,002
680,9	21,001
681,1	21,02
681,3	20,965
681,5	21,014
681,7	20,976
681,9	21,009
682,1	21,033
682,3	20,943
682,5	21,009
682,7	21,014
682,9	20,976
683,1	20,982
683,3	20,987
683,5	20,982
683,7	21,009
683,9	20,997
684,1	20,992
684,3	20,993
684,5	20,981
684,7	21,02
684,9	20,954
685,1	20,971
685,3	21,02
685,5	21,025
685,7	21,009
685,9	21,059
686,1	21,003
686,3	21,04
686,5	21,009
686,7	21,025
686,9	20,987
687,1	21,029
687,3	21,009
687,5	20,959
687,7	21,008
687,9	20,997
688,1	21,014
688,3	21,02
688,5	21,009
688,7	21,003
688,9	21,014
689,1	20,987
689,3	20,976
689,5	21,014
689,7	20,987
689,9	21,014
690,1	20,992
690,3	21,008
690,5	21,028
690,7	20,996
690,9	21,05
691,1	20,943
691,3	21,034
691,5	20,992
691,7	21,02
691,9	21,009
692,1	20,971
692,3	20,976
692,5	21,04
692,7	21,003
692,9	21,045
693,1	20,949
693,3	20,998
693,5	20,981
693,7	21,009
693,9	21,045
694,1	20,953
694,3	21,02
694,5	21,035
694,7	20,987
694,9	20,998
695,1	20,976
695,3	21,045
695,5	21,02
695,7	20,97
695,9	20,998
696,1	20,965
696,3	21,019
696,5	21,004
696,7	21,014
696,9	21,065
697,1	20,976
697,3	21,014
697,5	21,025
697,7	21,003
697,9	21,02
698,1	21,014
698,3	21,014
698,5	21,02
698,7	21,019
698,9	20,981
699,1	21,014
699,3	20,96
699,5	21,003
699,7	21,013
699,9	20,981
700,1	21,014
700,3	20,981
700,5	21,03
700,7	21,035
700,9	20,976
701,1	21,02
701,3	20,971
701,5	20,992
701,7	20,982
701,9	20,986
702,1	20,97
702,3	20,987
702,5	21,02
702,7	20,992
702,9	20,976
703,1	21,003
703,3	21,003
703,5	21,014
703,7	21,014
703,9	21,03
704,1	20,997
704,3	21,02
704,5	21,03
704,7	21,014
704,9	20,982
705,1	20,986
705,3	20,971
705,5	21,009
705,7	20,982
705,9	21,02
706,1	21,03
706,3	21,014
706,5	21,02
706,7	20,976
706,9	21,02
707,1	21,024
707,3	21,02
707,5	20,982
707,7	21,02
707,9	20,917
708,1	20,965
708,3	20,982
708,5	21,05
708,7	21,009
708,9	20,948
709,1	20,993
709,3	20,949
709,5	21,004
709,7	20,993
709,9	20,987
710,1	20,992
710,3	20,928
710,5	21,029
710,7	21,02
710,9	21,009
711,1	20,993
711,3	20,971
711,5	20,959
711,7	21,014
711,9	20,993
712,1	21,007
712,3	20,992
712,5	21,018
712,7	21,013
712,9	21,06
713,1	21,009
713,3	21,07
713,5	21,02
713,7	21,03
713,9	21,035
714,1	21,07
714,3	21,085
714,5	21,065
714,7	21,035
714,9	21,07
715,1	21,03
715,3	20,976
715,5	20,982
715,7	20,987
715,9	20,976
716,1	20,998
716,3	20,998
716,5	21,02
716,7	20,998
716,9	20,992
717,1	20,998
717,3	21,008
717,5	21,025
717,7	20,992
717,9	21,034
718,1	20,992
718,3	21,055
718,5	21,003
718,7	21,02
718,9	21,025
719,1	20,992
719,3	20,965
719,5	21,019
719,7	21,013
719,9	21,007
720,1	21,014
720,3	20,937
720,5	20,992
720,7	21,02
720,9	20,948
721,1	21,02
721,3	20,998
721,5	20,997
721,7	21,003
721,9	20,993
722,1	21,02
722,3	20,927
722,5	21,003
722,7	21,03
722,9	21,02
723,1	20,976
723,3	21,02
723,5	21,02
723,7	20,997
723,9	21,002
724,1	21,009
724,3	21,009
724,5	21,025
724,7	21,009
724,9	21,018
725,1	21,014
725,3	21,03
725,5	21,045
725,7	21,019
725,9	21,018
726,1	21,02
726,3	21,044
726,5	21,009
726,7	21,065
726,9	21,045
727,1	20,992
727,3	21,003
727,5	21,02
727,7	20,987
727,9	21,02
728,1	21,012
728,3	21,008
728,5	21,08
728,7	20,976
728,9	20,987
729,1	21,035
729,3	20,949
729,5	20,992
729,7	21,029
729,9	21,02
730,1	21,029
730,3	20,954
730,5	20,992
730,7	21,035
730,9	20,938
731,1	20,993
731,3	21,02
731,5	21,035
731,7	20,993
731,9	21,024
732,1	21,003
732,3	20,948
732,5	21,003
732,7	21,045
732,9	21,045
733,1	20,998
733,3	20,982
733,5	21,009
733,7	20,965
733,9	20,971
734,1	20,998
734,3	20,998
734,5	21,02
734,7	21,02
734,9	20,993
735,1	21,02
735,3	21,014
735,5	20,96
735,7	20,959
735,9	21,025
736,1	20,992
736,3	21,003
736,5	21,025
736,7	20,992
736,9	20,987
737,1	20,987
737,3	20,981
737,5	20,954
737,7	21,014
737,9	20,997
738,1	20,982
738,3	21,009
738,5	21,014
738,7	21,009
738,9	21,02
739,1	20,976
739,3	20,998
739,5	21,04
739,7	20,954
739,9	21,003
740,1	20,993
740,3	20,907
740,5	21,025
740,7	20,998
740,9	21,055
741,1	21,014
741,3	20,976
741,5	21,02
741,7	21,014
741,9	20,982
742,1	21,009
742,3	20,971
742,5	20,965
742,7	20,981
742,9	21,035
743,1	20,943
743,3	21,035
743,5	20,954
743,7	21,009
743,9	21,009
744,1	21,009
744,3	21,029
744,5	20,943
744,7	21,03
744,9	21,003
745,1	21,008
745,3	21,003
745,5	20,954
745,7	20,987
745,9	21,024
746,1	21,034
746,3	20,922
746,5	20,976
746,7	20,992
746,9	21,004
747,1	20,948
747,3	20,997
747,5	21,003
747,7	21,004
747,9	20,982
748,1	21,003
748,3	20,943
748,5	20,982
748,7	21,009
748,9	21,003
749,1	20,949
749,3	21,019
749,5	20,976
749,7	20,982
749,9	20,932
750,1	20,987
750,3	20,954
750,5	21,014
750,7	21,02
750,9	20,993
751,1	21,02
751,3	21,035
751,5	20,965
751,7	20,982
751,9	20,981
752,1	20,981
752,3	20,932
752,5	21,009
752,7	20,971
752,9	21,004
753,1	20,992
753,3	20,965
753,5	20,954
753,7	20,96
753,9	20,998
754,1	21,025
754,3	20,987
754,5	20,987
754,7	20,965
754,9	21,02
755,1	20,938
755,3	20,993
755,5	20,954
755,7	21,003
755,9	20,944
756,1	20,998
756,3	20,959
756,5	20,965
756,7	21,025
756,9	21,009
757,1	20,966
757,3	20,935
757,5	20,992
757,7	21,003
757,9	20,982
758,1	20,981
758,3	20,938
758,5	21,02
758,7	20,971
758,9	20,981
759,1	20,959
759,3	20,993
759,5	21,02
759,7	20,938
759,9	20,976
760,1	20,976
760,3	21,008
760,5	20,959
760,7	20,998
760,9	20,998
761,1	20,976
761,3	20,959
761,5	20,96
761,7	20,959
761,9	20,998
762,1	21,007
762,3	21,02
762,5	20,976
762,7	20,981
762,9	21,02
763,1	20,987
763,3	20,976
763,5	20,981
763,7	20,937
763,9	20,976
764,1	20,97
764,3	21,02
764,5	21,014
764,7	20,949
764,9	21,013
765,1	21,03
765,3	20,932
765,5	20,954
765,7	20,981
765,9	21,035
766,1	20,937
766,3	21,014
766,5	20,998
766,7	20,932
766,9	21,02
767,1	21,02
767,3	20,949
767,5	20,938
767,7	20,993
767,9	21,02
768,1	20,944
768,3	21,008
768,5	20,911
768,7	20,96
768,9	21,02
769,1	21,02
769,3	21,003
769,5	20,992
769,7	20,932
769,9	20,976
770,1	20,96
770,3	20,992
770,5	21,029
770,7	21,009
770,9	21,045
771,1	21,014
771,3	20,998
771,5	21,003
771,7	21,024
771,9	20,992
772,1	20,992
772,3	21,002
772,5	20,97
772,7	21,018
772,9	21,02
773,1	21,02
773,3	21,02
773,5	20,971
773,7	21,014
773,9	20,959
774,1	20,965
774,3	20,971
774,5	20,906
774,7	20,927
774,9	20,987
775,1	21,029
775,3	20,993
775,5	20,982
775,7	20,965
775,9	20,933
776,1	20,96
776,3	21,009
776,5	21,02
776,7	21,003
776,9	21,014
777,1	20,965
777,3	21,003
777,5	20,993
777,7	20,956
777,9	20,92
778,1	21,018
778,3	20,976
778,5	20,971
778,7	20,987
778,9	20,992
779,1	21,004
779,3	20,976
779,5	20,987
779,7	20,971
779,9	20,976
780,1	21,02
780,3	20,954
780,5	20,987
780,7	20,948
780,9	21,014
781,1	21,02
781,3	20,954
781,5	20,987
781,7	20,97
781,9	21,003
782,1	20,943
782,3	20,998
782,5	20,971
782,7	21,014
782,9	20,987
783,1	21,02
783,3	20,987
783,5	21,009
783,7	20,948
783,9	20,965
784,1	20,943
784,3	21,02
784,5	20,982
784,7	21,009
784,9	20,986
785,1	20,987
785,3	20,998
785,5	20,954
785,7	21,009
785,9	20,971
786,1	20,96
786,3	21,003
786,5	20,976
786,7	20,97
786,9	21,003
787,1	20,987
787,3	21,009
787,5	20,971
787,7	20,97
787,9	20,982
788,1	20,938
788,3	20,982
788,5	21,014
788,7	20,982
788,9	20,927
789,1	20,987
789,3	20,981
789,5	20,938
789,7	20,976
789,9	20,954
790,1	20,959
790,3	21,02
790,5	20,987
790,7	20,982
790,9	20,965
791,1	21,02
791,3	20,987
791,5	20,927
791,7	20,982
791,9	20,954
792,1	20,998
792,3	21,009
792,5	20,998
792,7	21,003
792,9	20,991
793,1	20,954
793,3	20,993
793,5	20,982
793,7	20,971
793,9	20,986
794,1	20,992
794,3	20,992
794,5	20,987
794,7	21,025
794,9	20,976
795,1	20,97
795,3	21,02
795,5	20,954
795,7	20,998
795,9	20,998
796,1	20,987
796,3	21,009
796,5	20,998
796,7	21,009
796,9	21,025
797,1	20,987
797,3	21,003
797,5	20,981
797,7	20,949
797,9	20,976
798,1	20,987
798,3	20,933
798,5	20,943
798,7	20,921
798,9	20,971
799,1	20,998
799,3	20,992
799,5	20,981
799,7	20,987
799,9	20,987
800,1	20,992
800,3	21,02
800,5	20,987
800,7	20,976
800,9	20,896
801,1	20,938
801,3	21,009
801,5	20,949
801,7	20,987
801,9	20,982
802,1	20,949
802,3	21,009
802,5	21,009
802,7	20,987
802,9	20,932
803,1	20,976
803,3	21,003
803,5	20,971
803,7	21,02
803,9	20,933
804,1	20,927
804,3	20,932
804,5	20,965
804,7	20,927
804,9	20,998
805,1	20,943
805,3	20,981
805,5	21,02
805,7	20,976
805,9	21,02
806,1	20,998
806,3	21,009
806,5	20,987
806,7	20,971
806,9	20,987
807,1	21,009
807,3	21,009
807,5	20,976
807,7	20,998
807,9	21,004
808,1	21,014
808,3	20,938
808,5	20,976
808,7	21,014
808,9	20,976
809,1	20,96
809,3	20,998
809,5	20,971
809,7	21,009
809,9	20,949
810,1	20,96
810,3	20,937
810,5	20,981
810,7	21,003
810,9	20,96
811,1	20,943
811,3	21,02
811,5	20,97
811,7	20,938
811,9	21,004
812,1	21,03
812,3	20,932
812,5	20,982
812,7	20,954
812,9	20,943
813,1	20,976
813,3	21,003
813,5	20,976
813,7	20,998
813,9	21,02
814,1	21,004
814,3	20,934
814,5	20,998
814,7	20,971
814,9	21,003
815,1	20,949
815,3	20,998
815,5	20,982
815,7	20,965
815,9	20,971
816,1	20,954
816,3	20,987
816,5	20,96
816,7	20,976
816,9	20,938
817,1	20,932
817,3	20,965
817,5	21,02
817,7	20,932
817,9	20,965
818,1	20,992
818,3	21,029
818,5	20,965
818,7	20,976
818,9	20,96
819,1	20,948
819,3	20,976
819,5	20,976
819,7	21,003
819,9	20,987
820,1	20,982
820,3	20,916
820,5	20,97
820,7	20,992
820,9	20,965
821,1	20,976
821,3	20,976
821,5	21,004
821,7	20,938
821,9	20,965
822,1	20,932
822,3	20,927
822,5	20,928
822,7	20,992
822,9	20,998
823,1	21,014
823,3	20,971
823,5	20,949
823,7	20,987
823,9	20,993
824,1	20,976
824,3	20,965
824,5	20,998
824,7	20,96
824,9	21,014
825,1	20,965
825,3	20,948
825,5	21,02
825,7	20,954
825,9	20,921
826,1	20,976
826,3	21,003
826,5	21,009
826,7	20,981
826,9	20,922
827,1	20,971
827,3	20,965
827,5	20,976
827,7	20,993
827,9	20,998
828,1	20,949
828,3	20,998
828,5	20,959
828,7	20,96
828,9	20,981
829,1	20,938
829,3	20,923
829,5	21,02
829,7	21,02
829,9	20,938
830,1	20,977
830,3	20,97
830,5	20,954
830,7	20,921
830,9	20,998
831,1	20,992
831,3	20,998
831,5	20,987
831,7	21,003
831,9	21,003
832,1	20,987
832,3	20,943
832,5	20,976
832,7	20,954
832,9	20,938
833,1	21,014
833,3	20,976
833,5	20,976
833,7	20,987
833,9	20,976
834,1	20,998
834,3	20,992
834,5	20,987
834,7	20,971
834,9	21,014
835,1	20,954
835,3	20,987
835,5	20,97
835,7	20,976
835,9	20,927
836,1	21,003
836,3	20,949
836,5	21,02
836,7	20,927
836,9	21,014
837,1	20,981
837,3	20,949
837,5	21,003
837,7	21,009
837,9	21,009
838,1	20,921
838,3	20,976
838,5	21,019
838,7	20,949
838,9	20,998
839,1	20,965
839,3	20,916
839,5	20,932
839,7	20,965
839,9	20,987
840,1	20,938
840,3	20,906
840,5	20,916
840,7	20,97
840,9	20,965
841,1	21,02
841,3	20,912
841,5	20,998
841,7	20,954
841,9	20,992
842,1	20,907
842,3	20,949
842,5	20,927
842,7	20,943
842,9	21,014
843,1	20,992
843,3	20,976
843,5	20,998
843,7	20,976
843,9	20,965
844,1	20,992
844,3	20,943
844,5	20,982
844,7	20,939
844,9	20,921
845,1	20,982
845,3	20,954
845,5	20,949
845,7	21,014
845,9	20,959
846,1	20,987
846,3	20,97
846,5	20,959
846,7	20,987
846,9	20,981
847,1	20,932
847,3	20,992
847,5	20,922
847,7	21,014
847,9	20,932
848,1	21,004
848,3	20,971
848,5	21,003
848,7	20,932
848,9	20,928
849,1	20,965
849,3	20,922
849,5	20,954
849,7	20,998
849,9	20,976
850,1	20,981
850,3	20,976
850,5	20,976
850,7	20,91
850,9	20,97
851,1	20,922
851,3	20,921
851,5	20,97
851,7	20,976
851,9	21,003
852,1	20,917
852,3	20,992
852,5	21,02
852,7	20,96
852,9	20,937
853,1	20,954
853,3	20,943
853,5	20,987
853,7	21,014
853,9	20,998
854,1	20,938
854,3	20,993
854,5	20,943
854,7	20,981
854,9	20,927
855,1	20,943
855,3	20,939
855,5	21,003
855,7	20,976
855,9	20,997
856,1	20,97
856,3	20,927
856,5	20,976
856,7	20,887
856,9	20,938
857,1	20,971
857,3	20,927
857,5	20,965
857,7	20,981
857,9	21,019
858,1	20,885
858,3	20,943
858,5	21,003
858,7	20,943
858,9	20,921
859,1	20,949
859,3	21,009
859,5	20,976
859,7	20,998
859,9	20,998
860,1	20,943
860,3	20,943
860,5	20,948
860,7	20,965
860,9	20,998
861,1	20,982
861,3	20,959
861,5	20,981
861,7	20,987
861,9	20,976
862,1	20,949
862,3	20,981
862,5	20,949
862,7	20,954
862,9	20,965
863,1	20,922
863,3	20,891
863,5	20,998
863,7	20,943
863,9	21,009
864,1	20,998
864,3	20,916
864,5	20,965
864,7	20,965
864,9	20,921
865,1	20,916
865,3	20,916
865,5	20,993
865,7	20,901
865,9	21,003
866,1	20,976
866,3	20,921
866,5	20,965
866,7	20,998
866,9	20,927
867,1	20,965
867,3	20,96
867,5	21,014
867,7	20,965
867,9	20,917
868,1	20,965
868,3	20,937
868,5	20,916
868,7	20,97
868,9	20,927
869,1	20,921
869,3	20,965
869,5	20,965
869,7	21,004
869,9	20,998
870,1	20,982
870,3	20,971
870,5	20,906
870,7	20,939
870,9	20,95
871,1	20,976
871,3	20,927
871,5	20,932
871,7	20,982
871,9	20,944
872,1	20,938
872,3	20,954
872,5	21,003
872,7	20,938
872,9	20,927
873,1	20,971
873,3	20,938
873,5	21,014
873,7	20,921
873,9	20,954
874,1	20,949
874,3	20,959
874,5	20,917
874,7	21,014
874,9	21,014
875,1	20,998
875,3	20,933
875,5	20,971
875,7	20,917
875,9	21,009
876,1	20,916
876,3	20,91
876,5	20,998
876,7	20,954
876,9	20,982
877,1	21,004
877,3	20,97
877,5	20,954
877,7	20,927
877,9	20,976
878,1	21,007
878,3	20,921
878,5	20,965
878,7	20,943
878,9	20,987
879,1	21,014
879,3	20,992
879,5	20,949
879,7	20,908
879,9	20,927
880,1	20,982
880,3	20,939
880,5	20,929
880,7	21,004
880,9	20,906
881,1	20,954
881,3	20,88
881,5	20,88
881,7	20,927
881,9	20,921
882,1	20,959
882,3	20,906
882,5	21,009
882,7	20,949
882,9	20,976
883,1	20,932
883,3	20,921
883,5	20,927
883,7	20,921
883,9	20,927
884,1	20,96
884,3	20,943
884,5	20,921
884,7	20,976
884,9	20,881
885,1	20,959
885,3	20,987
885,5	20,954
885,7	20,906
885,9	20,96
886,1	20,998
886,3	20,96
886,5	20,921
886,7	20,91
886,9	20,927
887,1	20,96
887,3	20,91
887,5	20,965
887,7	20,927
887,9	20,976
888,1	21,009
888,3	20,998
888,5	20,976
888,7	20,921
888,9	20,938
889,1	20,87
889,3	20,916
889,5	20,97
889,7	20,927
889,9	20,976
890,1	20,97
890,3	20,934
890,5	20,91
890,7	20,922
890,9	20,954
891,1	20,896
891,3	20,87
891,5	20,901
891,7	20,959
891,9	20,976
892,1	21,014
892,3	20,954
892,5	20,992
892,7	20,916
892,9	20,965
893,1	20,906
893,3	20,913
893,5	20,939
893,7	20,943
893,9	20,932
894,1	20,954
894,3	20,971
894,5	20,981
894,7	20,943
894,9	20,917
895,1	20,927
895,3	20,96
895,5	20,943
895,7	20,932
895,9	20,897
896,1	21,014
896,3	20,923
896,5	20,89
896,7	20,954
896,9	20,911
897,1	20,917
897,3	20,885
897,5	20,921
897,7	20,943
897,9	20,992
898,1	20,927
898,3	21,014
898,5	20,976
898,7	20,96
898,9	20,965
899,1	20,96
899,3	20,954
899,5	20,954
899,7	20,932
899,9	20,943
900,1	20,959
900,3	20,976
900,5	20,9
900,7	20,932
900,9	20,921
901,1	20,998
901,3	20,938
901,5	20,82
901,7	20,88
901,9	20,976
902,1	20,892
902,3	20,911
902,5	20,928
902,7	20,83
902,9	20,927
903,1	20,971
903,3	20,965
903,5	20,905
903,7	20,901
903,9	20,898
904,1	20,993
904,3	20,911
904,5	20,943
904,7	20,927
904,9	20,954
905,1	20,998
905,3	20,954
905,5	20,965
905,7	20,954
905,9	20,955
906,1	21,009
906,3	20,965
906,5	20,927
906,7	20,905
906,9	20,917
907,1	20,917
907,3	20,901
907,5	20,932
907,7	20,965
907,9	20,902
908,1	20,965
908,3	20,94
908,5	20,928
908,7	20,954
908,9	20,987
909,1	20,96
909,3	20,921
909,5	20,911
909,7	20,912
909,9	20,865
910,1	20,927
910,3	20,91
910,5	20,938
910,7	20,965
910,9	20,875
911,1	20,921
911,3	20,944
911,5	20,971
911,7	20,912
911,9	20,932
912,1	20,932
912,3	20,976
912,5	20,943
912,7	20,871
912,9	20,96
913,1	20,927
913,3	20,982
913,5	20,937
913,7	20,935
913,9	20,906
914,1	20,971
914,3	20,921
914,5	20,943
914,7	20,921
914,9	20,943
915,1	20,965
915,3	20,959
915,5	20,906
915,7	20,927
915,9	20,932
916,1	20,96
916,3	21,003
916,5	20,887
916,7	20,921
916,9	20,875
917,1	20,965
917,3	20,932
917,5	20,921
917,7	20,921
917,9	20,921
918,1	20,954
918,3	20,97
918,5	20,91
918,7	20,907
918,9	20,856
919,1	20,971
919,3	20,927
919,5	20,948
919,7	20,922
919,9	20,943
920,1	20,965
920,3	21,003
920,5	20,91
920,7	20,965
920,9	20,89
921,1	20,91
921,3	20,916
921,5	20,855
921,7	20,916
921,9	20,921
922,1	20,934
922,3	20,943
922,5	20,921
922,7	20,954
922,9	20,927
923,1	20,949
923,3	20,91
923,5	20,911
923,7	20,85
923,9	20,86
924,1	20,949
924,3	20,916
924,5	20,938
924,7	20,976
924,9	20,927
925,1	20,959
925,3	20,965
925,5	20,905
925,7	20,944
925,9	20,943
926,1	20,949
926,3	21,009
926,5	20,949
926,7	20,943
926,9	20,91
927,1	20,927
927,3	20,959
927,5	20,965
927,7	20,96
927,9	20,932
928,1	20,943
928,3	20,981
928,5	20,976
928,7	20,965
928,9	20,927
929,1	20,987
929,3	20,906
929,5	20,987
929,7	20,881
929,9	20,86
930,1	20,921
930,3	20,943
930,5	20,927
930,7	20,971
930,9	20,906
931,1	20,966
931,3	20,927
931,5	20,91
931,7	20,907
931,9	20,992
932,1	20,91
932,3	20,932
932,5	20,949
932,7	20,96
932,9	20,954
933,1	20,943
933,3	20,933
933,5	20,905
933,7	20,895
933,9	20,932
934,1	20,908
934,3	20,938
934,5	20,912
934,7	20,944
934,9	20,934
935,1	20,905
935,3	20,9
935,5	20,917
935,7	20,938
935,9	20,943
936,1	20,993
936,3	20,91
936,5	20,911
936,7	20,921
936,9	20,91
937,1	20,933
937,3	20,91
937,5	20,916
937,7	20,927
937,9	20,938
938,1	20,906
938,3	20,916
938,5	20,954
938,7	20,911
938,9	20,971
939,1	20,91
939,3	20,927
939,5	20,891
939,7	20,917
939,9	20,949
940,1	20,916
940,3	20,971
940,5	20,937
940,7	20,927
940,9	20,891
941,1	20,905
941,3	20,91
941,5	20,845
941,7	20,886
941,9	20,939
942,1	20,948
942,3	20,97
942,5	20,891
942,7	20,945
942,9	20,938
943,1	20,959
943,3	20,91
943,5	20,976
943,7	20,865
943,9	20,902
944,1	20,897
944,3	20,982
944,5	20,959
944,7	20,954
944,9	20,938
945,1	20,921
945,3	20,959
945,5	20,917
945,7	20,96
945,9	20,86
946,1	20,923
946,3	20,976
946,5	20,932
946,7	20,965
946,9	20,906
947,1	20,87
947,3	20,911
947,5	20,921
947,7	20,885
947,9	20,906
948,1	20,96
948,3	20,87
948,5	20,927
948,7	20,938
948,9	20,932
949,1	20,916
949,3	20,987
949,5	20,932
949,7	20,907
949,9	20,87
950,1	20,927
950,3	20,861
950,5	20,927
950,7	20,885
950,9	20,885
951,1	20,885
951,3	20,91
951,5	20,938
951,7	20,911
951,9	20,959
952,1	20,976
952,3	20,91
952,5	20,91
952,7	20,906
952,9	20,954
953,1	20,965
953,3	20,948
953,5	20,965
953,7	20,91
953,9	20,96
954,1	20,96
954,3	20,916
954,5	20,916
954,7	20,897
954,9	20,911
955,1	20,959
955,3	20,91
955,5	20,932
955,7	20,949
955,9	20,855
956,1	20,891
956,3	20,96
956,5	20,916
956,7	20,987
956,9	20,911
957,1	20,905
957,3	20,905
957,5	20,921
957,7	20,881
957,9	20,938
958,1	20,922
958,3	20,835
958,5	20,949
958,7	20,916
958,9	20,96
959,1	20,91
959,3	20,921
959,5	20,916
959,7	20,865
959,9	20,981
960,1	20,921
960,3	20,916
960,5	20,921
960,7	20,949
960,9	20,921
961,1	20,87
961,3	20,875
961,5	20,922
961,7	20,86
961,9	20,901
962,1	20,992
962,3	20,938
962,5	20,965
962,7	20,9
962,9	20,875
963,1	20,91
963,3	20,916
963,5	20,88
963,7	20,922
963,9	20,933
964,1	20,885
964,3	20,954
964,5	20,916
964,7	20,906
964,9	20,901
965,1	20,932
965,3	20,992
965,5	20,921
965,7	20,885
965,9	20,916
966,1	20,921
966,3	20,981
966,5	20,959
966,7	20,949
966,9	20,916
967,1	20,927
967,3	20,929
967,5	20,938
967,7	20,927
967,9	20,916
968,1	20,87
968,3	20,9
968,5	20,916
968,7	20,9
968,9	20,943
969,1	20,927
969,3	20,943
969,5	20,91
969,7	20,965
969,9	20,835
970,1	20,85
970,3	20,89
970,5	20,901
970,7	20,954
970,9	20,911
971,1	20,86
971,3	20,9
971,5	20,91
971,7	20,948
971,9	20,912
972,1	20,881
972,3	20,927
972,5	20,976
972,7	20,927
972,9	20,905
973,1	20,943
973,3	20,928
973,5	20,949
973,7	20,886
973,9	20,927
974,1	20,943
974,3	20,916
974,5	20,938
974,7	20,959
974,9	20,927
975,1	20,907
975,3	20,905
975,5	20,934
975,7	20,959
975,9	20,959
976,1	20,922
976,3	20,949
976,5	20,91
976,7	20,932
976,9	20,895
977,1	20,881
977,3	20,866
977,5	20,911
977,7	20,912
977,9	20,897
978,1	20,943
978,3	20,87
978,5	20,91
978,7	20,96
978,9	20,912
979,1	20,916
979,3	20,906
979,5	20,895
979,7	20,855
979,9	20,85
980,1	20,924
980,3	20,916
980,5	20,84
980,7	20,921
980,9	20,932
981,1	20,916
