0,1	29,534
0,3	29,595
0,5	29,605
0,7	29,524
0,9	29,59
1,1	29,56
1,3	29,515
1,5	29,59
1,7	29,545
1,9	29,56
2,1	29,6
2,3	29,56
2,5	29,585
2,7	29,605
2,9	29,56
3,1	29,535
3,3	29,61
3,5	29,52
3,7	29,58
3,9	29,53
4,1	29,575
4,3	29,57
4,5	29,575
4,7	29,514
4,9	29,55
5,1	29,565
5,3	29,6
5,5	29,6
5,7	29,555
5,9	29,595
6,1	29,645
6,3	29,6
6,5	29,575
6,7	29,58
6,9	29,54
7,1	29,595
7,3	29,6
7,5	29,585
7,7	29,6
7,9	29,6
8,1	29,565
8,3	29,575
8,5	29,6
8,7	29,61
8,9	29,585
9,1	29,585
9,3	29,57
9,5	29,58
9,7	29,59
9,9	29,6
10,1	29,56
10,3	29,6
10,5	29,62
10,7	29,62
10,9	29,555
11,1	29,565
11,3	29,6
11,5	29,56
11,7	29,615
11,9	29,605
12,1	29,595
12,3	29,59
12,5	29,63
12,7	29,605
12,9	29,6
13,1	29,595
13,3	29,595
13,5	29,58
13,7	29,62
13,9	29,6
14,1	29,61
14,3	29,575
14,5	29,605
14,7	29,615
14,9	29,655
15,1	29,565
15,3	29,57
15,5	29,605
15,7	29,62
15,9	29,585
16,1	29,6
16,3	29,56
16,5	29,645
16,7	29,63
16,9	29,57
17,1	29,565
17,3	29,595
17,5	29,56
17,7	29,525
17,9	29,6
18,1	29,56
18,3	29,605
18,5	29,615
18,7	29,615
18,9	29,595
19,1	29,59
19,3	29,585
19,5	29,565
19,7	29,58
19,9	29,58
20,1	29,575
20,3	29,585
20,5	29,595
20,7	29,64
20,9	29,595
21,1	29,585
21,3	29,56
21,5	29,58
21,7	29,57
21,9	29,585
22,1	29,6
22,3	29,59
22,5	29,555
22,7	29,605
22,9	29,61
23,1	29,585
23,3	29,6
23,5	29,6
23,7	29,6
23,9	29,56
24,1	29,595
24,3	29,575
24,5	29,6
24,7	29,64
24,9	29,565
25,1	29,585
25,3	29,524
25,5	29,6
25,7	29,555
25,9	29,54
26,1	29,59
26,3	29,6
26,5	29,585
26,7	29,595
26,9	29,575
27,1	29,59
27,3	29,487
27,5	29,575
27,7	29,59
27,9	29,615
28,1	29,55
28,3	29,61
28,5	29,565
28,7	29,58
28,9	29,525
29,1	29,595
29,3	29,595
29,5	29,595
29,7	29,63
29,9	29,58
30,1	29,595
30,3	29,625
30,5	29,62
30,7	29,565
30,9	29,61
31,1	29,595
31,3	29,59
31,5	29,56
31,7	29,57
31,9	29,575
32,1	29,585
32,3	29,57
32,5	29,575
32,7	29,64
32,9	29,605
33,1	29,555
33,3	29,518
33,5	29,52
33,7	29,555
33,9	29,595
34,1	29,565
34,3	29,595
34,5	29,64
34,7	29,615
34,9	29,6
35,1	29,61
35,3	29,61
35,5	29,585
35,7	29,56
35,9	29,585
36,1	29,56
36,3	29,585
36,5	29,59
36,7	29,585
36,9	29,595
37,1	29,6
37,3	29,585
37,5	29,565
37,7	29,57
37,9	29,585
38,1	29,595
38,3	29,59
38,5	29,565
38,7	29,6
38,9	29,59
39,1	29,585
39,3	29,595
39,5	29,585
39,7	29,58
39,9	29,59
40,1	29,54
40,3	29,6
40,5	29,59
40,7	29,6
40,9	29,565
41,1	29,6
41,3	29,565
41,5	29,519
41,7	29,525
41,9	29,55
42,1	29,61
42,3	29,57
42,5	29,555
42,7	29,625
42,9	29,6
43,1	29,58
43,3	29,56
43,5	29,6
43,7	29,55
43,9	29,55
44,1	29,6
44,3	29,56
44,5	29,555
44,7	29,6
44,9	29,6
45,1	29,605
45,3	29,575
45,5	29,6
45,7	29,535
45,9	29,545
46,1	29,52
46,3	29,575
46,5	29,575
46,7	29,534
46,9	29,57
47,1	29,555
47,3	29,56
47,5	29,54
47,7	29,585
47,9	29,595
48,1	29,535
48,3	29,55
48,5	29,545
48,7	29,585
48,9	29,585
49,1	29,535
49,3	29,555
49,5	29,575
49,7	29,595
49,9	29,58
50,1	29,6
50,3	29,565
50,5	29,57
50,7	29,59
50,9	29,6
51,1	29,585
51,3	29,57
51,5	29,575
51,7	29,53
51,9	29,58
52,1	29,575
52,3	29,54
52,5	29,565
52,7	29,58
52,9	29,6
53,1	29,575
53,3	29,56
53,5	29,6
53,7	29,6
53,9	29,6
54,1	29,6
54,3	29,6
54,5	29,56
54,7	29,6
54,9	29,59
55,1	29,555
55,3	29,595
55,5	29,57
55,7	29,58
55,9	29,6
56,1	29,58
56,3	29,56
56,5	29,535
56,7	29,56
56,9	29,56
57,1	29,59
57,3	29,545
57,5	29,57
57,7	29,529
57,9	29,58
58,1	29,545
58,3	29,59
58,5	29,595
58,7	29,59
58,9	29,509
59,1	29,56
59,3	29,585
59,5	29,565
59,7	29,565
59,9	29,545
60,1	29,57
60,3	29,6
60,5	29,575
60,7	29,51
60,9	29,595
61,1	29,525
61,3	29,57
61,5	29,57
61,7	29,595
61,9	29,585
62,1	29,58
62,3	29,56
62,5	29,58
62,7	29,55
62,9	29,62
63,1	29,575
63,3	29,555
63,5	29,545
63,7	29,535
63,9	29,515
64,1	29,585
64,3	29,6
64,5	29,595
64,7	29,56
64,9	29,56
65,1	29,56
65,3	29,56
65,5	29,53
65,7	29,57
65,9	29,565
66,1	29,59
66,3	29,539
66,5	29,545
66,7	29,515
66,9	29,565
67,1	29,59
67,3	29,575
67,5	29,565
67,7	29,585
67,9	29,585
68,1	29,58
68,3	29,605
68,5	29,565
68,7	29,56
68,9	29,52
69,1	29,51
69,3	29,58
69,5	29,585
69,7	29,565
69,9	29,52
70,1	29,58
70,3	29,585
70,5	29,535
70,7	29,519
70,9	29,575
71,1	29,615
71,3	29,53
71,5	29,56
71,7	29,56
71,9	29,61
72,1	29,585
72,3	29,58
72,5	29,535
72,7	29,498
72,9	29,595
73,1	29,6
73,3	29,595
73,5	29,59
73,7	29,605
73,9	29,559
74,1	29,53
74,3	29,6
74,5	29,54
74,7	29,58
74,9	29,605
75,1	29,595
75,3	29,6
75,5	29,575
75,7	29,595
75,9	29,545
76,1	29,565
76,3	29,525
76,5	29,575
76,7	29,56
76,9	29,595
77,1	29,595
77,3	29,544
77,5	29,54
77,7	29,58
77,9	29,56
78,1	29,575
78,3	29,555
78,5	29,57
78,7	29,54
78,9	29,51
79,1	29,57
79,3	29,565
79,5	29,57
79,7	29,535
79,9	29,545
80,1	29,56
80,3	29,58
80,5	29,56
80,7	29,56
80,9	29,57
81,1	29,615
81,3	29,6
81,5	29,55
81,7	29,59
81,9	29,595
82,1	29,54
82,3	29,585
82,5	29,585
82,7	29,585
82,9	29,55
83,1	29,59
83,3	29,58
83,5	29,58
83,7	29,565
83,9	29,559
84,1	29,6
84,3	29,549
84,5	29,52
84,7	29,53
84,9	29,575
85,1	29,605
85,3	29,565
85,5	29,575
85,7	29,56
85,9	29,565
86,1	29,57
86,3	29,55
86,5	29,6
86,7	29,6
86,9	29,534
87,1	29,6
87,3	29,57
87,5	29,565
87,7	29,585
87,9	29,54
88,1	29,6
88,3	29,585
88,5	29,56
88,7	29,555
88,9	29,57
89,1	29,6
89,3	29,57
89,5	29,545
89,7	29,59
89,9	29,545
90,1	29,52
90,3	29,59
90,5	29,6
90,7	29,565
90,9	29,595
91,1	29,6
91,3	29,6
91,5	29,555
91,7	29,55
91,9	29,575
92,1	29,615
92,3	29,57
92,5	29,585
92,7	29,55
92,9	29,59
93,1	29,61
93,3	29,6
93,5	29,56
93,7	29,585
93,9	29,57
94,1	29,555
94,3	29,525
94,5	29,545
94,7	29,555
94,9	29,575
95,1	29,555
95,3	29,57
95,5	29,575
95,7	29,565
95,9	29,575
96,1	29,535
96,3	29,545
96,5	29,585
96,7	29,55
96,9	29,545
97,1	29,56
97,3	29,6
97,5	29,6
97,7	29,61
97,9	29,62
98,1	29,56
98,3	29,6
98,5	29,6
98,7	29,55
98,9	29,575
99,1	29,595
99,3	29,56
99,5	29,585
99,7	29,6
99,9	29,6
100,1	29,54
100,3	29,565
100,5	29,59
100,7	29,595
100,9	29,595
101,1	29,595
101,3	29,615
101,5	29,56
101,7	29,575
101,9	29,585
102,1	29,6
102,3	29,57
102,5	29,585
102,7	29,55
102,9	29,595
103,1	29,59
103,3	29,6
103,5	29,6
103,7	29,56
103,9	29,585
104,1	29,53
104,3	29,6
104,5	29,595
104,7	29,605
104,9	29,6
105,1	29,57
105,3	29,595
105,5	29,585
105,7	29,585
105,9	29,57
106,1	29,54
106,3	29,53
106,5	29,585
106,7	29,595
106,9	29,59
107,1	29,58
107,3	29,63
107,5	29,56
107,7	29,56
107,9	29,57
108,1	29,508
108,3	29,595
108,5	29,565
108,7	29,585
108,9	29,58
109,1	29,6
109,3	29,6
109,5	29,6
109,7	29,57
109,9	29,6
110,1	29,57
110,3	29,565
110,5	29,61
110,7	29,54
110,9	29,52
111,1	29,555
111,3	29,585
111,5	29,585
111,7	29,585
111,9	29,57
112,1	29,6
112,3	29,585
112,5	29,505
112,7	29,6
112,9	29,539
113,1	29,565
113,3	29,595
113,5	29,575
113,7	29,575
113,9	29,6
114,1	29,555
114,3	29,56
114,5	29,6
114,7	29,585
114,9	29,55
115,1	29,55
115,3	29,565
115,5	29,58
115,7	29,575
115,9	29,52
116,1	29,56
116,3	29,544
116,5	29,58
116,7	29,55
116,9	29,555
117,1	29,515
117,3	29,57
117,5	29,555
117,7	29,585
117,9	29,605
118,1	29,53
118,3	29,55
118,5	29,6
118,7	29,585
118,9	29,59
119,1	29,555
119,3	29,6
119,5	29,56
119,7	29,55
119,9	29,51
120,1	29,477
120,3	29,544
120,5	29,55
120,7	29,59
120,9	29,545
121,1	29,575
121,3	29,605
121,5	29,59
121,7	29,575
121,9	29,605
122,1	29,57
122,3	29,59
122,5	29,6
122,7	29,58
122,9	29,585
123,1	29,59
123,3	29,545
123,5	29,53
123,7	29,55
123,9	29,509
124,1	29,58
124,3	29,56
124,5	29,58
124,7	29,585
124,9	29,535
125,1	29,58
125,3	29,605
125,5	29,62
125,7	29,595
125,9	29,565
126,1	29,56
126,3	29,545
126,5	29,595
126,7	29,544
126,9	29,575
127,1	29,58
127,3	29,524
127,5	29,605
127,7	29,539
127,9	29,575
128,1	29,585
128,3	29,539
128,5	29,529
128,7	29,52
128,9	29,56
129,1	29,57
129,3	29,533
129,5	29,575
129,7	29,59
129,9	29,58
130,1	29,6
130,3	29,555
130,5	29,6
130,7	29,63
130,9	29,575
131,1	29,6
131,3	29,595
131,5	29,6
131,7	29,6
131,9	29,595
132,1	29,545
132,3	29,54
132,5	29,56
132,7	29,545
132,9	29,57
133,1	29,53
133,3	29,56
133,5	29,59
133,7	29,535
133,9	29,585
134,1	29,55
134,3	29,585
134,5	29,575
134,7	29,6
134,9	29,535
135,1	29,57
135,3	29,59
135,5	29,595
135,7	29,555
135,9	29,525
136,1	29,58
136,3	29,525
136,5	29,59
136,7	29,55
136,9	29,555
137,1	29,55
137,3	29,595
137,5	29,6
137,7	29,555
137,9	29,585
138,1	29,482
138,3	29,57
138,5	29,525
138,7	29,58
138,9	29,565
139,1	29,55
139,3	29,565
139,5	29,595
139,7	29,585
139,9	29,595
140,1	29,54
140,3	29,555
140,5	29,57
140,7	29,555
140,9	29,51
141,1	29,595
141,3	29,6
141,5	29,575
141,7	29,508
141,9	29,565
142,1	29,53
142,3	29,555
142,5	29,55
142,7	29,535
142,9	29,61
143,1	29,53
143,3	29,59
143,5	29,57
143,7	29,595
143,9	29,6
144,1	29,565
144,3	29,595
144,5	29,6
144,7	29,6
144,9	29,6
145,1	29,6
145,3	29,555
145,5	29,595
145,7	29,565
145,9	29,6
146,1	29,595
146,3	29,525
146,5	29,509
146,7	29,535
146,9	29,52
147,1	29,585
147,3	29,59
147,5	29,615
147,7	29,595
147,9	29,525
148,1	29,6
148,3	29,57
148,5	29,585
148,7	29,575
148,9	29,59
149,1	29,615
149,3	29,545
149,5	29,545
149,7	29,525
149,9	29,6
150,1	29,56
150,3	29,585
150,5	29,56
150,7	29,555
150,9	29,545
151,1	29,575
151,3	29,555
151,5	29,545
151,7	29,555
151,9	29,545
152,1	29,565
152,3	29,57
152,5	29,595
152,7	29,59
152,9	29,58
153,1	29,57
153,3	29,6
153,5	29,585
153,7	29,585
153,9	29,6
154,1	29,56
154,3	29,555
154,5	29,58
154,7	29,595
154,9	29,6
155,1	29,575
155,3	29,59
155,5	29,52
155,7	29,555
155,9	29,58
156,1	29,58
156,3	29,59
156,5	29,575
156,7	29,555
156,9	29,55
157,1	29,545
157,3	29,535
157,5	29,6
157,7	29,595
157,9	29,565
158,1	29,59
158,3	29,555
158,5	29,59
158,7	29,6
158,9	29,58
159,1	29,55
159,3	29,6
159,5	29,56
159,7	29,6
159,9	29,6
160,1	29,575
160,3	29,59
160,5	29,56
160,7	29,56
160,9	29,575
161,1	29,555
161,3	29,544
161,5	29,515
161,7	29,58
161,9	29,575
162,1	29,57
162,3	29,565
162,5	29,535
162,7	29,575
162,9	29,55
163,1	29,575
163,3	29,555
163,5	29,514
163,7	29,55
163,9	29,595
164,1	29,565
164,3	29,56
164,5	29,505
164,7	29,56
164,9	29,555
165,1	29,585
165,3	29,555
165,5	29,585
165,7	29,595
165,9	29,595
166,1	29,55
166,3	29,565
166,5	29,59
166,7	29,529
166,9	29,56
167,1	29,55
167,3	29,59
167,5	29,575
167,7	29,6
167,9	29,565
168,1	29,56
168,3	29,54
168,5	29,59
168,7	29,57
168,9	29,565
169,1	29,565
169,3	29,585
169,5	29,52
169,7	29,57
169,9	29,535
170,1	29,59
170,3	29,6
170,5	29,6
170,7	29,595
170,9	29,565
171,1	29,52
171,3	29,57
171,5	29,565
171,7	29,6
171,9	29,575
172,1	29,595
172,3	29,605
172,5	29,535
172,7	29,565
172,9	29,57
173,1	29,6
173,3	29,59
173,5	29,585
173,7	29,544
173,9	29,59
174,1	29,625
174,3	29,58
174,5	29,625
174,7	29,6
174,9	29,585
175,1	29,62
175,3	29,535
175,5	29,595
175,7	29,6
175,9	29,595
176,1	29,575
176,3	29,57
176,5	29,575
176,7	29,575
176,9	29,57
177,1	29,6
177,3	29,595
177,5	29,55
177,7	29,59
177,9	29,64
178,1	29,55
178,3	29,595
178,5	29,59
178,7	29,645
178,9	29,56
179,1	29,535
179,3	29,6
179,5	29,575
179,7	29,595
179,9	29,59
180,1	29,595
180,3	29,535
180,5	29,595
180,7	29,53
180,9	29,595
181,1	29,555
181,3	29,6
181,5	29,585
181,7	29,545
181,9	29,585
182,1	29,6
182,3	29,58
182,5	29,535
182,7	29,51
182,9	29,56
183,1	29,585
183,3	29,575
183,5	29,59
183,7	29,6
183,9	29,62
184,1	29,53
184,3	29,57
184,5	29,524
184,7	29,555
184,9	29,55
185,1	29,56
185,3	29,6
185,5	29,59
185,7	29,585
185,9	29,6
186,1	29,6
186,3	29,545
186,5	29,565
186,7	29,525
186,9	29,545
187,1	29,56
187,3	29,57
187,5	29,6
187,7	29,6
187,9	29,605
188,1	29,63
188,3	29,595
188,5	29,56
188,7	29,534
188,9	29,59
189,1	29,59
189,3	29,59
189,5	29,575
189,7	29,6
189,9	29,6
190,1	29,545
190,3	29,56
190,5	29,585
190,7	29,565
190,9	29,57
191,1	29,55
191,3	29,54
191,5	29,56
191,7	29,6
191,9	29,57
192,1	29,535
192,3	29,585
192,5	29,525
192,7	29,515
192,9	29,545
193,1	29,54
193,3	29,565
193,5	29,57
193,7	29,57
193,9	29,58
194,1	29,6
194,3	29,585
194,5	29,55
194,7	29,57
194,9	29,545
195,1	29,55
195,3	29,585
195,5	29,55
195,7	29,635
195,9	29,615
196,1	29,605
196,3	29,595
196,5	29,555
196,7	29,575
196,9	29,59
197,1	29,6
197,3	29,58
197,5	29,59
197,7	29,6
197,9	29,6
198,1	29,585
198,3	29,545
198,5	29,6
198,7	29,6
198,9	29,565
199,1	29,565
199,3	29,6
199,5	29,595
199,7	29,55
199,9	29,6
200,1	29,6
200,3	29,6
200,5	29,555
200,7	29,585
200,9	29,61
201,1	29,57
201,3	29,59
201,5	29,555
201,7	29,575
201,9	29,56
202,1	29,58
202,3	29,58
202,5	29,535
202,7	29,545
202,9	29,58
203,1	29,56
203,3	29,57
203,5	29,6
203,7	29,57
203,9	29,57
204,1	29,6
204,3	29,6
204,5	29,56
204,7	29,6
204,9	29,595
205,1	29,605
205,3	29,544
205,5	29,57
205,7	29,595
205,9	29,6
206,1	29,6
206,3	29,555
206,5	29,59
206,7	29,555
206,9	29,545
207,1	29,575
207,3	29,555
207,5	29,53
207,7	29,565
207,9	29,56
208,1	29,56
208,3	29,56
208,5	29,59
208,7	29,58
208,9	29,615
209,1	29,535
209,3	29,535
209,5	29,6
209,7	29,6
209,9	29,6
210,1	29,625
210,3	29,54
210,5	29,565
210,7	29,585
210,9	29,6
211,1	29,54
211,3	29,575
211,5	29,58
211,7	29,58
211,9	29,595
212,1	29,6
212,3	29,539
212,5	29,575
212,7	29,585
212,9	29,585
213,1	29,605
213,3	29,61
213,5	29,615
213,7	29,6
213,9	29,6
214,1	29,6
214,3	29,54
214,5	29,585
214,7	29,615
214,9	29,595
215,1	29,56
215,3	29,565
215,5	29,58
215,7	29,53
215,9	29,535
216,1	29,635
216,3	29,6
216,5	29,63
216,7	29,58
216,9	29,575
217,1	29,58
217,3	29,56
217,5	29,595
217,7	29,59
217,9	29,595
218,1	29,59
218,3	29,535
218,5	29,585
218,7	29,555
218,9	29,565
219,1	29,585
219,3	29,6
219,5	29,585
219,7	29,58
219,9	29,605
220,1	29,53
220,3	29,62
220,5	29,57
220,7	29,565
220,9	29,56
221,1	29,545
221,3	29,56
221,5	29,57
221,7	29,59
221,9	29,58
222,1	29,645
222,3	29,545
222,5	29,555
222,7	29,53
222,9	29,55
223,1	29,6
223,3	29,57
223,5	29,515
223,7	29,545
223,9	29,59
224,1	29,595
224,3	29,6
224,5	29,595
224,7	29,575
224,9	29,57
225,1	29,56
225,3	29,565
225,5	29,59
225,7	29,555
225,9	29,6
226,1	29,59
226,3	29,6
226,5	29,6
226,7	29,525
226,9	29,585
227,1	29,57
227,3	29,61
227,5	29,53
227,7	29,605
227,9	29,595
228,1	29,6
228,3	29,585
228,5	29,59
228,7	29,585
228,9	29,544
229,1	29,555
229,3	29,54
229,5	29,58
229,7	29,58
229,9	29,555
230,1	29,6
230,3	29,595
230,5	29,59
230,7	29,535
230,9	29,54
231,1	29,6
231,3	29,55
231,5	29,6
231,7	29,575
231,9	29,525
232,1	29,57
232,3	29,6
232,5	29,529
232,7	29,585
232,9	29,535
233,1	29,585
233,3	29,525
233,5	29,535
233,7	29,6
233,9	29,575
234,1	29,6
234,3	29,6
234,5	29,57
234,7	29,565
234,9	29,57
235,1	29,585
235,3	29,55
235,5	29,6
235,7	29,55
235,9	29,59
236,1	29,56
236,3	29,6
236,5	29,605
236,7	29,57
236,9	29,58
237,1	29,54
237,3	29,59
237,5	29,535
237,7	29,515
237,9	29,53
238,1	29,545
238,3	29,585
238,5	29,58
238,7	29,6
238,9	29,595
239,1	29,6
239,3	29,595
239,5	29,595
239,7	29,6
239,9	29,585
240,1	29,54
240,3	29,575
240,5	29,615
240,7	29,545
240,9	29,54
241,1	29,57
241,3	29,545
241,5	29,6
241,7	29,575
241,9	29,525
242,1	29,585
242,3	29,6
242,5	29,56
242,7	29,58
242,9	29,6
243,1	29,58
243,3	29,58
243,5	29,59
243,7	29,585
243,9	29,575
244,1	29,55
244,3	29,57
244,5	29,595
244,7	29,565
244,9	29,55
245,1	29,6
245,3	29,555
245,5	29,535
245,7	29,58
245,9	29,6
246,1	29,565
246,3	29,52
246,5	29,525
246,7	29,549
246,9	29,535
247,1	29,54
247,3	29,575
247,5	29,575
247,7	29,565
247,9	29,6
248,1	29,585
248,3	29,6
248,5	29,595
248,7	29,595
248,9	29,565
249,1	29,59
249,3	29,565
249,5	29,595
249,7	29,545
249,9	29,58
250,1	29,585
250,3	29,565
250,5	29,585
250,7	29,565
250,9	29,585
251,1	29,59
251,3	29,54
251,5	29,59
251,7	29,555
251,9	29,55
252,1	29,58
252,3	29,533
252,5	29,565
252,7	29,59
252,9	29,565
253,1	29,58
253,3	29,565
253,5	29,6
253,7	29,56
253,9	29,595
254,1	29,555
254,3	29,503
254,5	29,6
254,7	29,595
254,9	29,555
255,1	29,58
255,3	29,51
255,5	29,55
255,7	29,59
255,9	29,55
256,1	29,595
256,3	29,6
256,5	29,6
256,7	29,56
256,9	29,595
257,1	29,575
257,3	29,555
257,5	29,56
257,7	29,575
257,9	29,492
258,1	29,58
258,3	29,6
258,5	29,615
258,7	29,535
258,9	29,59
259,1	29,56
259,3	29,565
259,5	29,6
259,7	29,595
259,9	29,6
260,1	29,595
260,3	29,535
260,5	29,6
260,7	29,565
260,9	29,6
261,1	29,488
261,3	29,585
261,5	29,555
261,7	29,595
261,9	29,57
262,1	29,534
262,3	29,595
262,5	29,595
262,7	29,535
262,9	29,56
263,1	29,56
263,3	29,54
263,5	29,56
263,7	29,595
263,9	29,515
264,1	29,515
264,3	29,595
264,5	29,535
264,7	29,59
264,9	29,58
265,1	29,595
265,3	29,55
265,5	29,6
265,7	29,55
265,9	29,595
266,1	29,6
266,3	29,53
266,5	29,6
266,7	29,57
266,9	29,59
267,1	29,555
267,3	29,58
267,5	29,555
267,7	29,57
267,9	29,535
268,1	29,6
268,3	29,595
268,5	29,605
268,7	29,56
268,9	29,58
269,1	29,529
269,3	29,59
269,5	29,515
269,7	29,575
269,9	29,6
270,1	29,585
270,3	29,59
270,5	29,56
270,7	29,55
270,9	29,57
271,1	29,525
271,3	29,57
271,5	29,605
271,7	29,56
271,9	29,57
272,1	29,55
272,3	29,585
272,5	29,565
272,7	29,555
272,9	29,55
273,1	29,56
273,3	29,53
273,5	29,58
273,7	29,58
273,9	29,575
274,1	29,56
274,3	29,585
274,5	29,6
274,7	29,595
274,9	29,56
275,1	29,58
275,3	29,55
275,5	29,56
275,7	29,6
275,9	29,58
276,1	29,59
276,3	29,585
276,5	29,6
276,7	29,525
276,9	29,57
277,1	29,6
277,3	29,575
277,5	29,555
277,7	29,6
277,9	29,585
278,1	29,6
278,3	29,51
278,5	29,56
278,7	29,6
278,9	29,585
279,1	29,595
279,3	29,545
279,5	29,575
279,7	29,525
279,9	29,59
280,1	29,545
280,3	29,53
280,5	29,53
280,7	29,6
280,9	29,535
281,1	29,57
281,3	29,6
281,5	29,6
281,7	29,54
281,9	29,57
282,1	29,63
282,3	29,575
282,5	29,575
282,7	29,6
282,9	29,56
283,1	29,535
283,3	29,565
283,5	29,57
283,7	29,51
283,9	29,575
284,1	29,55
284,3	29,6
284,5	29,6
284,7	29,6
284,9	29,595
285,1	29,575
285,3	29,56
285,5	29,565
285,7	29,535
285,9	29,6
286,1	29,565
286,3	29,57
286,5	29,595
286,7	29,58
286,9	29,525
287,1	29,535
287,3	29,605
287,5	29,52
287,7	29,565
287,9	29,57
288,1	29,575
288,3	29,51
288,5	29,539
288,7	29,6
288,9	29,585
289,1	29,555
289,3	29,535
289,5	29,56
289,7	29,595
289,9	29,56
290,1	29,53
290,3	29,545
290,5	29,56
290,7	29,575
290,9	29,6
291,1	29,544
291,3	29,56
291,5	29,59
291,7	29,505
291,9	29,58
292,1	29,59
292,3	29,54
292,5	29,565
292,7	29,6
292,9	29,605
293,1	29,59
293,3	29,6
293,5	29,56
293,7	29,6
293,9	29,535
294,1	29,61
294,3	29,545
294,5	29,575
294,7	29,56
294,9	29,59
295,1	29,545
295,3	29,56
295,5	29,6
295,7	29,6
295,9	29,585
296,1	29,6
296,3	29,56
296,5	29,6
296,7	29,6
296,9	29,605
297,1	29,6
297,3	29,58
297,5	29,6
297,7	29,57
297,9	29,59
298,1	29,575
298,3	29,565
298,5	29,565
298,7	29,605
298,9	29,59
299,1	29,57
299,3	29,545
299,5	29,535
299,7	29,58
299,9	29,525
300,1	29,565
300,3	29,6
300,5	29,55
300,7	29,6
300,9	29,56
301,1	29,58
301,3	29,595
301,5	29,54
301,7	29,58
301,9	29,56
302,1	29,52
302,3	29,58
302,5	29,555
302,7	29,57
302,9	29,545
303,1	29,585
303,3	29,59
303,5	29,595
303,7	29,6
303,9	29,6
304,1	29,56
304,3	29,6
304,5	29,6
304,7	29,575
304,9	29,59
305,1	29,565
305,3	29,59
305,5	29,545
305,7	29,595
305,9	29,55
306,1	29,545
306,3	29,58
306,5	29,54
306,7	29,59
306,9	29,57
307,1	29,575
307,3	29,545
307,5	29,55
307,7	29,55
307,9	29,585
308,1	29,535
308,3	29,56
308,5	29,555
308,7	29,565
308,9	29,585
309,1	29,58
309,3	29,545
309,5	29,535
309,7	29,545
309,9	29,585
310,1	29,565
310,3	29,59
310,5	29,575
310,7	29,56
310,9	29,545
311,1	29,55
311,3	29,6
311,5	29,58
311,7	29,595
311,9	29,492
312,1	29,59
312,3	29,565
312,5	29,56
312,7	29,58
312,9	29,605
313,1	29,585
313,3	29,55
313,5	29,529
313,7	29,61
313,9	29,56
314,1	29,535
314,3	29,519
314,5	29,53
314,7	29,515
314,9	29,51
315,1	29,6
315,3	29,565
315,5	29,565
315,7	29,57
315,9	29,565
316,1	29,61
316,3	29,59
316,5	29,555
316,7	29,57
316,9	29,6
317,1	29,575
317,3	29,585
317,5	29,57
317,7	29,56
317,9	29,6
318,1	29,6
318,3	29,575
318,5	29,575
318,7	29,635
318,9	29,6
319,1	29,545
319,3	29,565
319,5	29,555
319,7	29,55
319,9	29,56
320,1	29,57
320,3	29,585
320,5	29,605
320,7	29,6
320,9	29,63
321,1	29,6
321,3	29,595
321,5	29,58
321,7	29,585
321,9	29,59
322,1	29,535
322,3	29,55
322,5	29,555
322,7	29,58
322,9	29,6
323,1	29,57
323,3	29,59
323,5	29,59
323,7	29,57
323,9	29,57
324,1	29,544
324,3	29,6
324,5	29,58
324,7	29,585
324,9	29,6
325,1	29,555
325,3	29,565
325,5	29,585
325,7	29,575
325,9	29,535
326,1	29,565
326,3	29,595
326,5	29,535
326,7	29,55
326,9	29,53
327,1	29,6
327,3	29,565
327,5	29,514
327,7	29,57
327,9	29,56
328,1	29,55
328,3	29,565
328,5	29,59
328,7	29,59
328,9	29,595
329,1	29,59
329,3	29,535
329,5	29,56
329,7	29,555
329,9	29,56
330,1	29,565
330,3	29,555
330,5	29,585
330,7	29,523
330,9	29,59
331,1	29,58
331,3	29,545
331,5	29,585
331,7	29,6
331,9	29,545
332,1	29,56
332,3	29,59
332,5	29,524
332,7	29,56
332,9	29,57
333,1	29,58
333,3	29,595
333,5	29,55
333,7	29,565
333,9	29,6
334,1	29,595
334,3	29,595
334,5	29,55
334,7	29,585
334,9	29,595
335,1	29,58
335,3	29,59
335,5	29,555
335,7	29,575
335,9	29,57
336,1	29,555
336,3	29,53
336,5	29,57
336,7	29,565
336,9	29,534
337,1	29,575
337,3	29,59
337,5	29,565
337,7	29,575
337,9	29,535
338,1	29,6
338,3	29,54
338,5	29,555
338,7	29,535
338,9	29,56
339,1	29,59
339,3	29,6
339,5	29,585
339,7	29,545
339,9	29,58
340,1	29,535
340,3	29,57
340,5	29,55
340,7	29,56
340,9	29,62
341,1	29,6
341,3	29,6
341,5	29,595
341,7	29,6
341,9	29,605
342,1	29,58
342,3	29,6
342,5	29,54
342,7	29,6
342,9	29,57
343,1	29,63
343,3	29,565
343,5	29,565
343,7	29,555
343,9	29,525
344,1	29,59
344,3	29,503
344,5	29,554
344,7	29,545
344,9	29,545
345,1	29,6
345,3	29,535
345,5	29,535
345,7	29,56
345,9	29,57
346,1	29,57
346,3	29,595
346,5	29,595
346,7	29,53
346,9	29,595
347,1	29,6
347,3	29,545
347,5	29,565
347,7	29,58
347,9	29,58
348,1	29,575
348,3	29,57
348,5	29,585
348,7	29,58
348,9	29,524
349,1	29,6
349,3	29,585
349,5	29,6
349,7	29,55
349,9	29,6
350,1	29,595
350,3	29,585
350,5	29,565
350,7	29,57
350,9	29,535
351,1	29,58
351,3	29,58
351,5	29,585
351,7	29,545
351,9	29,57
352,1	29,58
352,3	29,555
352,5	29,585
352,7	29,6
352,9	29,54
353,1	29,549
353,3	29,525
353,5	29,559
353,7	29,595
353,9	29,58
354,1	29,555
354,3	29,575
354,5	29,52
354,7	29,555
354,9	29,545
355,1	29,56
355,3	29,595
355,5	29,565
355,7	29,54
355,9	29,58
356,1	29,53
356,3	29,524
356,5	29,575
356,7	29,52
356,9	29,544
357,1	29,555
357,3	29,585
357,5	29,565
357,7	29,56
357,9	29,53
358,1	29,56
358,3	29,565
358,5	29,57
358,7	29,57
358,9	29,6
359,1	29,58
359,3	29,59
359,5	29,6
359,7	29,55
359,9	29,595
360,1	29,555
360,3	29,523
360,5	29,59
360,7	29,575
360,9	29,555
361,1	29,565
361,3	29,585
361,5	29,52
361,7	29,58
361,9	29,585
362,1	29,53
362,3	29,555
362,5	29,585
362,7	29,55
362,9	29,575
363,1	29,56
363,3	29,56
363,5	29,585
363,7	29,59
363,9	29,58
364,1	29,534
364,3	29,55
364,5	29,58
364,7	29,58
364,9	29,6
365,1	29,6
365,3	29,6
365,5	29,585
365,7	29,58
365,9	29,545
366,1	29,545
366,3	29,59
366,5	29,585
366,7	29,575
366,9	29,58
367,1	29,55
367,3	29,6
367,5	29,6
367,7	29,58
367,9	29,545
368,1	29,565
368,3	29,545
368,5	29,55
368,7	29,6
368,9	29,56
369,1	29,585
369,3	29,595
369,5	29,575
369,7	29,5
369,9	29,605
370,1	29,525
370,3	29,58
370,5	29,575
370,7	29,565
370,9	29,59
371,1	29,555
371,3	29,6
371,5	29,6
371,7	29,595
371,9	29,585
372,1	29,575
372,3	29,52
372,5	29,58
372,7	29,522
372,9	29,59
373,1	29,555
373,3	29,595
373,5	29,595
373,7	29,575
373,9	29,52
374,1	29,57
374,3	29,58
374,5	29,505
374,7	29,53
374,9	29,605
375,1	29,58
375,3	29,58
375,5	29,53
375,7	29,58
375,9	29,565
376,1	29,54
376,3	29,56
376,5	29,555
376,7	29,535
376,9	29,6
377,1	29,535
377,3	29,57
377,5	29,575
377,7	29,6
377,9	29,6
378,1	29,59
378,3	29,555
378,5	29,58
378,7	29,53
378,9	29,575
379,1	29,52
379,3	29,58
379,5	29,575
379,7	29,575
379,9	29,565
380,1	29,58
380,3	29,58
380,5	29,55
380,7	29,59
380,9	29,585
381,1	29,585
381,3	29,6
381,5	29,59
381,7	29,545
381,9	29,585
382,1	29,585
382,3	29,555
382,5	29,58
382,7	29,57
382,9	29,565
383,1	29,58
383,3	29,54
383,5	29,59
383,7	29,575
383,9	29,575
384,1	29,58
384,3	29,535
384,5	29,515
384,7	29,545
384,9	29,58
385,1	29,58
385,3	29,545
385,5	29,55
385,7	29,575
385,9	29,585
386,1	29,6
386,3	29,545
386,5	29,57
386,7	29,535
386,9	29,58
387,1	29,59
387,3	29,53
387,5	29,6
387,7	29,55
387,9	29,6
388,1	29,595
388,3	29,625
388,5	29,585
388,7	29,57
388,9	29,56
389,1	29,6
389,3	29,615
389,5	29,585
389,7	29,595
389,9	29,6
390,1	29,545
390,3	29,6
390,5	29,605
390,7	29,62
390,9	29,529
391,1	29,58
391,3	29,509
391,5	29,6
391,7	29,59
391,9	29,58
392,1	29,565
392,3	29,6
392,5	29,59
392,7	29,575
392,9	29,57
393,1	29,595
393,3	29,565
393,5	29,53
393,7	29,6
393,9	29,565
394,1	29,575
394,3	29,575
394,5	29,595
394,7	29,55
394,9	29,54
395,1	29,575
395,3	29,61
395,5	29,6
395,7	29,595
395,9	29,62
396,1	29,615
396,3	29,56
396,5	29,6
396,7	29,595
396,9	29,585
397,1	29,56
397,3	29,565
397,5	29,595
397,7	29,564
397,9	29,539
398,1	29,58
398,3	29,58
398,5	29,55
398,7	29,595
398,9	29,545
399,1	29,605
399,3	29,57
399,5	29,6
399,7	29,595
399,9	29,565
400,1	29,575
400,3	29,57
400,5	29,6
400,7	29,575
400,9	29,58
401,1	29,565
401,3	29,555
401,5	29,6
401,7	29,57
401,9	29,6
402,1	29,585
402,3	29,555
402,5	29,56
402,7	29,54
402,9	29,565
403,1	29,545
403,3	29,6
403,5	29,6
403,7	29,595
403,9	29,585
404,1	29,535
404,3	29,565
404,5	29,6
404,7	29,54
404,9	29,52
405,1	29,555
405,3	29,57
405,5	29,61
405,7	29,58
405,9	29,57
406,1	29,625
406,3	29,6
406,5	29,54
406,7	29,6
406,9	29,54
407,1	29,58
407,3	29,56
407,5	29,595
407,7	29,56
407,9	29,58
408,1	29,565
408,3	29,59
408,5	29,585
408,7	29,529
408,9	29,525
409,1	29,565
409,3	29,57
409,5	29,58
409,7	29,6
409,9	29,575
410,1	29,555
410,3	29,51
410,5	29,575
410,7	29,56
410,9	29,545
411,1	29,56
411,3	29,52
411,5	29,575
411,7	29,6
411,9	29,6
412,1	29,52
412,3	29,58
412,5	29,575
412,7	29,514
412,9	29,59
413,1	29,56
413,3	29,509
413,5	29,529
413,7	29,575
413,9	29,56
414,1	29,58
414,3	29,565
414,5	29,575
414,7	29,535
414,9	29,57
415,1	29,51
415,3	29,515
415,5	29,55
415,7	29,59
415,9	29,565
416,1	29,595
416,3	29,549
416,5	29,565
416,7	29,565
416,9	29,6
417,1	29,57
417,3	29,575
417,5	29,58
417,7	29,58
417,9	29,575
418,1	29,56
418,3	29,585
418,5	29,6
418,7	29,565
418,9	29,6
419,1	29,575
419,3	29,555
419,5	29,58
419,7	29,6
419,9	29,575
420,1	29,6
420,3	29,59
420,5	29,58
420,7	29,615
420,9	29,565
421,1	29,57
421,3	29,525
421,5	29,585
421,7	29,575
421,9	29,6
422,1	29,585
422,3	29,56
422,5	29,555
422,7	29,59
422,9	29,56
423,1	29,6
423,3	29,59
423,5	29,61
423,7	29,605
423,9	29,595
424,1	29,61
424,3	29,595
424,5	29,53
424,7	29,62
424,9	29,535
425,1	29,58
425,3	29,585
425,5	29,59
425,7	29,61
425,9	29,59
426,1	29,58
426,3	29,54
426,5	29,61
426,7	29,57
426,9	29,585
427,1	29,525
427,3	29,555
427,5	29,565
427,7	29,6
427,9	29,59
428,1	29,58
428,3	29,58
428,5	29,58
428,7	29,56
428,9	29,57
429,1	29,575
429,3	29,545
429,5	29,545
429,7	29,57
429,9	29,58
430,1	29,595
430,3	29,6
430,5	29,59
430,7	29,575
430,9	29,625
431,1	29,53
431,3	29,575
431,5	29,6
431,7	29,575
431,9	29,6
432,1	29,58
432,3	29,6
432,5	29,565
432,7	29,56
432,9	29,56
433,1	29,549
433,3	29,565
433,5	29,555
433,7	29,6
433,9	29,595
434,1	29,57
434,3	29,6
434,5	29,59
434,7	29,565
434,9	29,575
435,1	29,57
435,3	29,57
435,5	29,6
435,7	29,59
435,9	29,52
436,1	29,56
436,3	29,565
436,5	29,605
436,7	29,6
436,9	29,515
437,1	29,59
437,3	29,56
437,5	29,6
437,7	29,59
437,9	29,59
438,1	29,585
438,3	29,55
438,5	29,595
438,7	29,565
438,9	29,595
439,1	29,605
439,3	29,53
439,5	29,59
439,7	29,56
439,9	29,59
440,1	29,56
440,3	29,59
440,5	29,55
440,7	29,505
440,9	29,59
441,1	29,535
441,3	29,595
441,5	29,534
441,7	29,595
441,9	29,58
442,1	29,565
442,3	29,595
442,5	29,58
442,7	29,545
442,9	29,595
443,1	29,565
443,3	29,57
443,5	29,6
443,7	29,58
443,9	29,6
444,1	29,56
444,3	29,57
444,5	29,53
444,7	29,595
444,9	29,57
445,1	29,55
445,3	29,58
445,5	29,55
445,7	29,499
445,9	29,595
446,1	29,555
446,3	29,56
446,5	29,57
446,7	29,55
446,9	29,57
447,1	29,585
447,3	29,523
447,5	29,565
447,7	29,595
447,9	29,6
448,1	29,545
448,3	29,58
448,5	29,575
448,7	29,585
448,9	29,61
449,1	29,595
449,3	29,59
449,5	29,55
449,7	29,565
449,9	29,6
450,1	29,565
450,3	29,56
450,5	29,595
450,7	29,6
450,9	29,595
451,1	29,53
451,3	29,58
451,5	29,585
451,7	29,59
451,9	29,545
452,1	29,6
452,3	29,575
452,5	29,56
452,7	29,54
452,9	29,55
453,1	29,545
453,3	29,59
453,5	29,525
453,7	29,6
453,9	29,6
454,1	29,55
454,3	29,6
454,5	29,54
454,7	29,58
454,9	29,54
455,1	29,57
455,3	29,56
455,5	29,6
455,7	29,595
455,9	29,595
456,1	29,61
456,3	29,58
456,5	29,585
456,7	29,575
456,9	29,565
457,1	29,57
457,3	29,58
457,5	29,53
457,7	29,6
457,9	29,6
458,1	29,56
458,3	29,58
458,5	29,575
458,7	29,535
458,9	29,575
459,1	29,57
459,3	29,57
459,5	29,539
459,7	29,59
459,9	29,58
460,1	29,6
460,3	29,585
460,5	29,595
460,7	29,585
460,9	29,52
461,1	29,544
461,3	29,57
461,5	29,545
461,7	29,6
461,9	29,59
462,1	29,545
462,3	29,575
462,5	29,54
462,7	29,595
462,9	29,6
463,1	29,535
463,3	29,565
463,5	29,595
463,7	29,595
463,9	29,56
464,1	29,59
464,3	29,59
464,5	29,54
464,7	29,523
464,9	29,58
465,1	29,56
465,3	29,54
465,5	29,565
465,7	29,57
465,9	29,605
466,1	29,555
466,3	29,57
466,5	29,575
466,7	29,605
466,9	29,565
467,1	29,58
467,3	29,6
467,5	29,565
467,7	29,585
467,9	29,6
468,1	29,595
468,3	29,57
468,5	29,57
468,7	29,58
468,9	29,545
469,1	29,605
469,3	29,6
469,5	29,6
469,7	29,595
469,9	29,605
470,1	29,605
470,3	29,585
470,5	29,6
470,7	29,62
470,9	29,575
471,1	29,6
471,3	29,6
471,5	29,57
471,7	29,56
471,9	29,575
472,1	29,605
472,3	29,565
472,5	29,6
472,7	29,54
472,9	29,595
473,1	29,555
473,3	29,575
473,5	29,585
473,7	29,575
473,9	29,6
474,1	29,6
474,3	29,6
474,5	29,625
474,7	29,585
474,9	29,55
475,1	29,58
475,3	29,605
475,5	29,59
475,7	29,58
475,9	29,6
476,1	29,6
476,3	29,59
476,5	29,57
476,7	29,6
476,9	29,524
477,1	29,6
477,3	29,585
477,5	29,53
477,7	29,6
477,9	29,59
478,1	29,6
478,3	29,565
478,5	29,59
478,7	29,595
478,9	29,59
479,1	29,6
479,3	29,59
479,5	29,56
479,7	29,58
479,9	29,6
480,1	29,6
480,3	29,54
480,5	29,565
480,7	29,55
480,9	29,565
481,1	29,58
481,3	29,565
481,5	29,53
481,7	29,585
481,9	29,53
482,1	29,555
482,3	29,6
482,5	29,58
482,7	29,595
482,9	29,56
483,1	29,545
483,3	29,555
483,5	29,575
483,7	29,615
483,9	29,595
484,1	29,625
484,3	29,535
484,5	29,565
484,7	29,57
484,9	29,585
485,1	29,56
485,3	29,56
485,5	29,59
485,7	29,565
485,9	29,61
486,1	29,55
486,3	29,56
486,5	29,6
486,7	29,585
486,9	29,545
487,1	29,58
487,3	29,56
487,5	29,595
487,7	29,63
487,9	29,595
488,1	29,535
488,3	29,57
488,5	29,57
488,7	29,508
488,9	29,565
489,1	29,595
489,3	29,57
489,5	29,58
489,7	29,605
489,9	29,54
490,1	29,565
490,3	29,595
490,5	29,57
490,7	29,56
490,9	29,514
491,1	29,58
491,3	29,525
491,5	29,57
491,7	29,595
491,9	29,504
492,1	29,595
492,3	29,585
492,5	29,555
492,7	29,605
492,9	29,57
493,1	29,625
493,3	29,6
493,5	29,595
493,7	29,56
493,9	29,565
494,1	29,6
494,3	29,6
494,5	29,61
494,7	29,575
494,9	29,57
495,1	29,57
495,3	29,61
495,5	29,6
495,7	29,6
495,9	29,595
496,1	29,57
496,3	29,62
496,5	29,605
496,7	29,605
496,9	29,585
497,1	29,6
497,3	29,555
497,5	29,615
497,7	29,58
497,9	29,64
498,1	29,6
498,3	29,6
498,5	29,57
498,7	29,655
498,9	29,63
499,1	29,605
499,3	29,59
499,5	29,57
499,7	29,6
499,9	29,61
500,1	29,55
500,3	29,6
500,5	29,535
500,7	29,58
500,9	29,56
501,1	29,595
501,3	29,57
501,5	29,56
501,7	29,555
501,9	29,585
502,1	29,52
502,3	29,585
502,5	29,6
502,7	29,585
502,9	29,58
503,1	29,535
503,3	29,545
503,5	29,585
503,7	29,555
503,9	29,59
504,1	29,54
504,3	29,58
504,5	29,585
504,7	29,59
504,9	29,565
505,1	29,595
505,3	29,565
505,5	29,55
505,7	29,585
505,9	29,6
506,1	29,58
506,3	29,565
506,5	29,56
506,7	29,56
506,9	29,535
507,1	29,555
507,3	29,54
507,5	29,515
507,7	29,56
507,9	29,515
508,1	29,595
508,3	29,57
508,5	29,56
508,7	29,54
508,9	29,535
509,1	29,545
509,3	29,59
509,5	29,54
509,7	29,55
509,9	29,535
510,1	29,53
510,3	29,56
510,5	29,58
510,7	29,57
510,9	29,56
511,1	29,59
511,3	29,54
511,5	29,492
511,7	29,585
511,9	29,55
512,1	29,57
512,3	29,56
512,5	29,6
512,7	29,565
512,9	29,56
513,1	29,575
513,3	29,56
513,5	29,535
513,7	29,565
513,9	29,595
514,1	29,535
514,3	29,615
514,5	29,6
514,7	29,595
514,9	29,545
515,1	29,6
515,3	29,575
515,5	29,58
515,7	29,59
515,9	29,58
516,1	29,6
516,3	29,6
516,5	29,595
516,7	29,61
516,9	29,615
517,1	29,56
517,3	29,58
517,5	29,6
517,7	29,545
517,9	29,585
518,1	29,595
518,3	29,6
518,5	29,6
518,7	29,57
518,9	29,57
519,1	29,605
519,3	29,625
519,5	29,57
519,7	29,575
519,9	29,529
520,1	29,56
520,3	29,58
520,5	29,54
520,7	29,605
520,9	29,545
521,1	29,56
521,3	29,528
521,5	29,595
521,7	29,6
521,9	29,575
522,1	29,514
522,3	29,565
522,5	29,58
522,7	29,53
522,9	29,565
523,1	29,59
523,3	29,585
523,5	29,57
523,7	29,544
523,9	29,545
524,1	29,57
524,3	29,545
524,5	29,6
524,7	29,535
524,9	29,58
525,1	29,56
525,3	29,595
525,5	29,53
525,7	29,555
525,9	29,505
526,1	29,56
526,3	29,535
526,5	29,595
526,7	29,585
526,9	29,56
527,1	29,55
527,3	29,59
527,5	29,575
527,7	29,585
527,9	29,58
528,1	29,59
528,3	29,555
528,5	29,58
528,7	29,575
528,9	29,585
529,1	29,55
529,3	29,54
529,5	29,53
529,7	29,565
529,9	29,6
530,1	29,549
530,3	29,545
530,5	29,6
530,7	29,59
530,9	29,575
531,1	29,6
531,3	29,53
531,5	29,545
531,7	29,56
531,9	29,595
532,1	29,51
532,3	29,58
532,5	29,595
532,7	29,589
532,9	29,53
533,1	29,545
533,3	29,525
533,5	29,525
533,7	29,59
533,9	29,515
534,1	29,575
534,3	29,56
534,5	29,6
534,7	29,545
534,9	29,55
535,1	29,59
535,3	29,535
535,5	29,53
535,7	29,585
535,9	29,55
536,1	29,555
536,3	29,59
536,5	29,605
536,7	29,595
536,9	29,555
537,1	29,585
537,3	29,575
537,5	29,535
537,7	29,545
537,9	29,53
538,1	29,565
538,3	29,605
538,5	29,6
538,7	29,6
538,9	29,58
539,1	29,515
539,3	29,61
539,5	29,585
539,7	29,565
539,9	29,52
540,1	29,55
540,3	29,565
540,5	29,59
540,7	29,615
540,9	29,565
541,1	29,58
541,3	29,58
541,5	29,6
541,7	29,565
541,9	29,6
542,1	29,59
542,3	29,51
542,5	29,59
542,7	29,59
542,9	29,555
543,1	29,555
543,3	29,545
543,5	29,6
543,7	29,59
543,9	29,585
544,1	29,57
544,3	29,575
544,5	29,58
544,7	29,6
544,9	29,57
545,1	29,54
545,3	29,575
545,5	29,55
545,7	29,58
545,9	29,535
546,1	29,565
546,3	29,6
546,5	29,535
546,7	29,515
546,9	29,59
547,1	29,555
547,3	29,56
547,5	29,55
547,7	29,57
547,9	29,54
548,1	29,595
548,3	29,56
548,5	29,59
548,7	29,605
548,9	29,57
549,1	29,55
549,3	29,59
549,5	29,565
549,7	29,575
549,9	29,565
550,1	29,56
550,3	29,575
550,5	29,55
550,7	29,6
550,9	29,575
551,1	29,585
551,3	29,56
551,5	29,565
551,7	29,54
551,9	29,505
552,1	29,57
552,3	29,585
552,5	29,535
552,7	29,555
552,9	29,545
553,1	29,56
553,3	29,58
553,5	29,57
553,7	29,52
553,9	29,57
554,1	29,515
554,3	29,57
554,5	29,55
554,7	29,6
554,9	29,6
555,1	29,605
555,3	29,496
555,5	29,545
555,7	29,565
555,9	29,595
556,1	29,6
556,3	29,565
556,5	29,55
556,7	29,595
556,9	29,53
557,1	29,585
557,3	29,58
557,5	29,59
557,7	29,565
557,9	29,524
558,1	29,56
558,3	29,585
558,5	29,6
558,7	29,6
558,9	29,565
559,1	29,56
559,3	29,6
559,5	29,56
559,7	29,605
559,9	29,585
560,1	29,545
560,3	29,595
560,5	29,6
560,7	29,555
560,9	29,54
561,1	29,6
561,3	29,58
561,5	29,555
561,7	29,585
561,9	29,595
562,1	29,56
562,3	29,59
562,5	29,59
562,7	29,595
562,9	29,503
563,1	29,56
563,3	29,505
563,5	29,535
563,7	29,585
563,9	29,533
564,1	29,6
564,3	29,59
564,5	29,545
564,7	29,54
564,9	29,585
565,1	29,6
565,3	29,54
565,5	29,57
565,7	29,53
565,9	29,51
566,1	29,545
566,3	29,55
566,5	29,535
566,7	29,56
566,9	29,6
567,1	29,6
567,3	29,6
567,5	29,535
567,7	29,585
567,9	29,555
568,1	29,53
568,3	29,534
568,5	29,55
568,7	29,595
568,9	29,61
569,1	29,585
569,3	29,52
569,5	29,54
569,7	29,6
569,9	29,6
570,1	29,555
570,3	29,555
570,5	29,54
570,7	29,575
570,9	29,575
571,1	29,56
571,3	29,555
571,5	29,575
571,7	29,56
571,9	29,56
572,1	29,524
572,3	29,6
572,5	29,54
572,7	29,595
572,9	29,565
573,1	29,6
573,3	29,595
573,5	29,555
573,7	29,57
573,9	29,555
574,1	29,56
574,3	29,55
574,5	29,59
574,7	29,6
574,9	29,635
575,1	29,55
575,3	29,575
575,5	29,555
575,7	29,595
575,9	29,59
576,1	29,58
576,3	29,61
576,5	29,595
576,7	29,6
576,9	29,6
577,1	29,6
577,3	29,615
577,5	29,555
577,7	29,555
577,9	29,565
578,1	29,535
578,3	29,52
578,5	29,504
578,7	29,575
578,9	29,6
579,1	29,6
579,3	29,595
579,5	29,54
579,7	29,6
579,9	29,535
580,1	29,54
580,3	29,53
580,5	29,585
580,7	29,6
580,9	29,635
581,1	29,595
581,3	29,575
581,5	29,565
581,7	29,595
581,9	29,545
582,1	29,575
582,3	29,545
582,5	29,59
582,7	29,615
582,9	29,61
583,1	29,605
583,3	29,61
583,5	29,615
583,7	29,59
583,9	29,59
584,1	29,575
584,3	29,585
584,5	29,57
584,7	29,57
584,9	29,62
585,1	29,585
585,3	29,57
585,5	29,605
585,7	29,59
585,9	29,59
586,1	29,58
586,3	29,605
586,5	29,605
586,7	29,6
586,9	29,55
587,1	29,6
587,3	29,59
587,5	29,565
587,7	29,6
587,9	29,57
588,1	29,52
588,3	29,58
588,5	29,59
588,7	29,59
588,9	29,58
589,1	29,575
589,3	29,585
589,5	29,57
589,7	29,61
589,9	29,6
590,1	29,555
590,3	29,56
590,5	29,61
590,7	29,615
590,9	29,545
591,1	29,575
591,3	29,6
591,5	29,585
591,7	29,525
591,9	29,565
592,1	29,555
592,3	29,555
592,5	29,59
592,7	29,565
592,9	29,6
593,1	29,585
593,3	29,59
593,5	29,555
593,7	29,56
593,9	29,58
594,1	29,51
594,3	29,58
594,5	29,585
594,7	29,56
594,9	29,56
595,1	29,57
595,3	29,57
595,5	29,585
595,7	29,585
595,9	29,555
596,1	29,62
596,3	29,565
596,5	29,519
596,7	29,575
596,9	29,54
597,1	29,6
597,3	29,585
597,5	29,535
597,7	29,55
597,9	29,535
598,1	29,54
598,3	29,508
598,5	29,545
598,7	29,56
598,9	29,585
599,1	29,6
599,3	29,508
599,5	29,6
599,7	29,6
599,9	29,54
600,1	29,555
600,3	29,535
600,5	29,585
600,7	29,595
600,9	29,585
601,1	29,56
601,3	29,56
601,5	29,575
601,7	29,555
601,9	29,585
602,1	29,545
602,3	29,58
602,5	29,55
602,7	29,58
602,9	29,545
603,1	29,6
603,3	29,585
603,5	29,57
603,7	29,529
603,9	29,565
604,1	29,55
604,3	29,55
604,5	29,58
604,7	29,585
604,9	29,535
605,1	29,59
605,3	29,595
605,5	29,59
605,7	29,6
605,9	29,585
606,1	29,545
606,3	29,525
606,5	29,595
606,7	29,56
606,9	29,555
607,1	29,57
607,3	29,605
607,5	29,54
607,7	29,59
607,9	29,53
608,1	29,565
608,3	29,585
608,5	29,595
608,7	29,555
608,9	29,575
609,1	29,565
609,3	29,545
609,5	29,555
609,7	29,509
609,9	29,595
610,1	29,534
610,3	29,585
610,5	29,595
610,7	29,565
610,9	29,525
611,1	29,595
611,3	29,525
611,5	29,55
611,7	29,509
611,9	29,55
612,1	29,55
612,3	29,595
612,5	29,555
612,7	29,58
612,9	29,61
613,1	29,525
613,3	29,565
613,5	29,565
613,7	29,6
613,9	29,585
614,1	29,585
614,3	29,59
614,5	29,595
614,7	29,605
614,9	29,6
615,1	29,6
615,3	29,63
615,5	29,575
615,7	29,575
615,9	29,535
616,1	29,6
616,3	29,545
616,5	29,6
616,7	29,595
616,9	29,605
617,1	29,56
617,3	29,6
617,5	29,63
617,7	29,585
617,9	29,59
618,1	29,52
618,3	29,55
618,5	29,585
618,7	29,54
618,9	29,575
619,1	29,6
619,3	29,58
619,5	29,585
619,7	29,524
619,9	29,554
620,1	29,54
620,3	29,539
620,5	29,58
620,7	29,535
620,9	29,6
621,1	29,6
621,3	29,52
621,5	29,56
621,7	29,575
621,9	29,585
622,1	29,535
622,3	29,56
622,5	29,59
622,7	29,57
622,9	29,57
623,1	29,58
623,3	29,595
623,5	29,585
623,7	29,55
623,9	29,58
624,1	29,595
624,3	29,56
624,5	29,58
624,7	29,535
624,9	29,585
625,1	29,56
625,3	29,6
625,5	29,575
625,7	29,545
625,9	29,54
626,1	29,56
626,3	29,544
626,5	29,59
626,7	29,58
626,9	29,59
627,1	29,6
627,3	29,575
627,5	29,574
627,7	29,565
627,9	29,595
628,1	29,535
628,3	29,59
628,5	29,565
628,7	29,605
628,9	29,59
629,1	29,55
629,3	29,59
629,5	29,595
629,7	29,55
629,9	29,525
630,1	29,55
630,3	29,56
630,5	29,55
630,7	29,56
630,9	29,53
631,1	29,545
631,3	29,61
631,5	29,585
631,7	29,56
631,9	29,545
632,1	29,535
632,3	29,59
632,5	29,6
632,7	29,54
632,9	29,6
633,1	29,56
633,3	29,585
633,5	29,53
633,7	29,565
633,9	29,555
634,1	29,57
634,3	29,595
634,5	29,565
634,7	29,595
634,9	29,58
635,1	29,52
635,3	29,6
635,5	29,6
635,7	29,56
635,9	29,529
636,1	29,6
636,3	29,555
636,5	29,54
636,7	29,535
636,9	29,595
637,1	29,52
637,3	29,555
637,5	29,58
637,7	29,61
637,9	29,565
638,1	29,565
638,3	29,525
638,5	29,6
638,7	29,545
638,9	29,6
639,1	29,595
639,3	29,56
639,5	29,6
639,7	29,58
639,9	29,595
640,1	29,585
640,3	29,524
640,5	29,54
640,7	29,565
640,9	29,545
641,1	29,55
641,3	29,555
641,5	29,529
641,7	29,575
641,9	29,565
642,1	29,57
642,3	29,555
642,5	29,529
642,7	29,6
642,9	29,59
643,1	29,56
643,3	29,575
643,5	29,595
643,7	29,585
643,9	29,59
644,1	29,535
644,3	29,585
644,5	29,585
644,7	29,585
644,9	29,6
645,1	29,53
645,3	29,545
645,5	29,57
645,7	29,56
645,9	29,605
646,1	29,6
646,3	29,585
646,5	29,625
646,7	29,59
646,9	29,595
647,1	29,61
647,3	29,615
647,5	29,605
647,7	29,615
647,9	29,6
648,1	29,64
648,3	29,605
648,5	29,56
648,7	29,575
648,9	29,595
649,1	29,53
649,3	29,6
649,5	29,585
649,7	29,59
649,9	29,565
650,1	29,625
650,3	29,62
650,5	29,61
650,7	29,625
650,9	29,635
651,1	29,6
651,3	29,595
651,5	29,585
651,7	29,6
651,9	29,6
652,1	29,61
652,3	29,61
652,5	29,55
652,7	29,6
652,9	29,595
653,1	29,585
653,3	29,6
653,5	29,61
653,7	29,6
653,9	29,61
654,1	29,605
654,3	29,605
654,5	29,58
654,7	29,565
654,9	29,565
655,1	29,545
655,3	29,605
655,5	29,58
655,7	29,6
655,9	29,6
656,1	29,6
656,3	29,545
656,5	29,59
656,7	29,59
656,9	29,56
657,1	29,6
657,3	29,58
657,5	29,62
657,7	29,58
657,9	29,6
658,1	29,58
658,3	29,6
658,5	29,585
658,7	29,6
658,9	29,59
659,1	29,59
659,3	29,53
659,5	29,61
659,7	29,575
659,9	29,595
660,1	29,555
660,3	29,6
660,5	29,59
660,7	29,56
660,9	29,6
661,1	29,58
661,3	29,59
661,5	29,6
661,7	29,555
661,9	29,57
662,1	29,605
662,3	29,6
662,5	29,575
662,7	29,549
662,9	29,519
663,1	29,56
663,3	29,555
663,5	29,595
663,7	29,575
663,9	29,565
664,1	29,56
664,3	29,575
664,5	29,492
664,7	29,57
664,9	29,565
665,1	29,575
665,3	29,57
665,5	29,57
665,7	29,545
665,9	29,55
666,1	29,533
666,3	29,55
666,5	29,57
666,7	29,595
666,9	29,565
667,1	29,595
667,3	29,615
667,5	29,545
667,7	29,565
667,9	29,555
668,1	29,56
668,3	29,585
668,5	29,575
668,7	29,54
668,9	29,54
669,1	29,535
669,3	29,57
669,5	29,55
669,7	29,57
669,9	29,6
670,1	29,54
670,3	29,57
670,5	29,56
670,7	29,565
670,9	29,575
671,1	29,56
671,3	29,56
671,5	29,535
671,7	29,585
671,9	29,555
672,1	29,605
672,3	29,58
672,5	29,545
672,7	29,555
672,9	29,53
673,1	29,56
673,3	29,555
673,5	29,58
673,7	29,53
673,9	29,585
674,1	29,57
674,3	29,57
674,5	29,6
674,7	29,605
674,9	29,6
675,1	29,525
675,3	29,575
675,5	29,595
675,7	29,59
675,9	29,529
676,1	29,54
676,3	29,529
676,5	29,585
676,7	29,585
676,9	29,549
677,1	29,6
677,3	29,595
677,5	29,575
677,7	29,595
677,9	29,57
678,1	29,54
678,3	29,575
678,5	29,565
678,7	29,57
678,9	29,535
679,1	29,595
679,3	29,555
679,5	29,554
679,7	29,585
679,9	29,515
680,1	29,575
680,3	29,545
680,5	29,585
680,7	29,6
680,9	29,6
681,1	29,56
681,3	29,59
681,5	29,595
681,7	29,6
681,9	29,615
682,1	29,57
682,3	29,59
682,5	29,575
682,7	29,6
682,9	29,605
683,1	29,6
683,3	29,61
683,5	29,565
683,7	29,605
683,9	29,575
684,1	29,58
684,3	29,54
684,5	29,565
684,7	29,595
684,9	29,575
685,1	29,55
685,3	29,56
685,5	29,555
685,7	29,55
685,9	29,575
686,1	29,56
686,3	29,56
686,5	29,535
686,7	29,585
686,9	29,56
687,1	29,53
687,3	29,535
687,5	29,6
687,7	29,56
687,9	29,55
688,1	29,59
688,3	29,57
688,5	29,54
688,7	29,57
688,9	29,56
689,1	29,544
689,3	29,615
689,5	29,504
689,7	29,555
689,9	29,635
690,1	29,57
690,3	29,58
690,5	29,535
690,7	29,52
690,9	29,539
691,1	29,6
691,3	29,6
691,5	29,585
691,7	29,6
691,9	29,565
692,1	29,57
692,3	29,58
692,5	29,54
692,7	29,585
692,9	29,6
693,1	29,56
693,3	29,56
693,5	29,54
693,7	29,59
693,9	29,56
694,1	29,555
694,3	29,56
694,5	29,605
694,7	29,56
694,9	29,545
695,1	29,555
695,3	29,555
695,5	29,58
695,7	29,555
695,9	29,545
696,1	29,595
696,3	29,585
696,5	29,514
696,7	29,579
696,9	29,57
697,1	29,56
697,3	29,6
697,5	29,56
697,7	29,535
697,9	29,58
698,1	29,51
698,3	29,56
698,5	29,6
698,7	29,555
698,9	29,525
699,1	29,55
699,3	29,56
699,5	29,59
699,7	29,615
699,9	29,575
700,1	29,565
700,3	29,535
700,5	29,535
700,7	29,575
700,9	29,555
701,1	29,58
701,3	29,54
701,5	29,56
701,7	29,555
701,9	29,59
702,1	29,555
702,3	29,57
702,5	29,54
702,7	29,55
702,9	29,585
703,1	29,585
703,3	29,61
703,5	29,6
703,7	29,575
703,9	29,58
704,1	29,58
704,3	29,56
704,5	29,6
704,7	29,58
704,9	29,6
705,1	29,529
705,3	29,56
705,5	29,555
705,7	29,545
705,9	29,6
706,1	29,595
706,3	29,56
706,5	29,57
706,7	29,605
706,9	29,595
707,1	29,52
707,3	29,55
707,5	29,6
707,7	29,545
707,9	29,59
708,1	29,59
708,3	29,544
708,5	29,58
708,7	29,492
708,9	29,54
709,1	29,53
709,3	29,555
709,5	29,53
709,7	29,6
709,9	29,595
710,1	29,585
710,3	29,59
710,5	29,57
710,7	29,555
710,9	29,595
711,1	29,575
711,3	29,58
711,5	29,56
711,7	29,565
711,9	29,59
712,1	29,565
712,3	29,57
712,5	29,6
712,7	29,55
712,9	29,54
713,1	29,585
713,3	29,56
713,5	29,535
713,7	29,6
713,9	29,544
714,1	29,58
714,3	29,585
714,5	29,6
714,7	29,595
714,9	29,56
715,1	29,6
715,3	29,58
715,5	29,483
715,7	29,508
715,9	29,595
716,1	29,565
716,3	29,6
716,5	29,57
716,7	29,605
716,9	29,59
717,1	29,56
717,3	29,53
717,5	29,6
717,7	29,595
717,9	29,555
718,1	29,545
718,3	29,565
718,5	29,58
718,7	29,585
718,9	29,625
719,1	29,6
719,3	29,595
719,5	29,575
719,7	29,54
719,9	29,529
720,1	29,54
720,3	29,59
720,5	29,595
720,7	29,6
720,9	29,625
721,1	29,55
721,3	29,555
721,5	29,55
721,7	29,515
721,9	29,56
722,1	29,555
722,3	29,58
722,5	29,56
722,7	29,52
722,9	29,595
723,1	29,565
723,3	29,535
723,5	29,585
723,7	29,585
723,9	29,59
724,1	29,6
724,3	29,6
724,5	29,575
724,7	29,56
724,9	29,58
725,1	29,53
725,3	29,585
725,5	29,525
725,7	29,575
725,9	29,545
726,1	29,57
726,3	29,6
726,5	29,6
726,7	29,51
726,9	29,53
727,1	29,55
727,3	29,545
727,5	29,555
727,7	29,565
727,9	29,539
728,1	29,585
728,3	29,535
728,5	29,585
728,7	29,56
728,9	29,59
729,1	29,525
729,3	29,525
729,5	29,56
729,7	29,6
729,9	29,57
730,1	29,595
730,3	29,59
730,5	29,6
730,7	29,6
730,9	29,59
731,1	29,555
731,3	29,52
731,5	29,519
731,7	29,58
731,9	29,57
732,1	29,57
732,3	29,585
732,5	29,585
732,7	29,55
732,9	29,6
733,1	29,545
733,3	29,545
733,5	29,58
733,7	29,544
733,9	29,575
734,1	29,6
734,3	29,59
734,5	29,555
734,7	29,565
734,9	29,555
735,1	29,575
735,3	29,57
735,5	29,565
735,7	29,59
735,9	29,555
736,1	29,555
736,3	29,6
736,5	29,58
736,7	29,525
736,9	29,6
737,1	29,575
737,3	29,53
737,5	29,6
737,7	29,575
737,9	29,6
738,1	29,585
738,3	29,52
738,5	29,565
738,7	29,57
738,9	29,51
739,1	29,575
739,3	29,56
739,5	29,55
739,7	29,525
739,9	29,59
740,1	29,55
740,3	29,6
740,5	29,555
740,7	29,595
740,9	29,575
741,1	29,54
741,3	29,575
741,5	29,535
741,7	29,555
741,9	29,56
742,1	29,64
742,3	29,585
742,5	29,625
742,7	29,585
742,9	29,6
743,1	29,55
743,3	29,58
743,5	29,545
743,7	29,504
743,9	29,58
744,1	29,535
744,3	29,545
744,5	29,555
744,7	29,58
744,9	29,57
745,1	29,539
745,3	29,565
745,5	29,52
745,7	29,57
745,9	29,57
746,1	29,59
746,3	29,575
746,5	29,545
746,7	29,54
746,9	29,56
747,1	29,575
747,3	29,6
747,5	29,595
747,7	29,59
747,9	29,6
748,1	29,6
748,3	29,58
748,5	29,595
748,7	29,59
748,9	29,585
749,1	29,58
749,3	29,58
749,5	29,585
749,7	29,59
749,9	29,6
750,1	29,595
750,3	29,55
750,5	29,575
750,7	29,56
750,9	29,555
751,1	29,59
751,3	29,605
751,5	29,575
751,7	29,595
751,9	29,6
752,1	29,57
752,3	29,585
752,5	29,59
752,7	29,58
752,9	29,55
753,1	29,535
753,3	29,57
753,5	29,6
753,7	29,595
753,9	29,58
754,1	29,59
754,3	29,55
754,5	29,57
754,7	29,61
754,9	29,595
755,1	29,6
755,3	29,575
755,5	29,52
755,7	29,57
755,9	29,58
756,1	29,565
756,3	29,62
756,5	29,57
756,7	29,555
756,9	29,56
757,1	29,58
757,3	29,52
757,5	29,575
757,7	29,55
757,9	29,585
758,1	29,509
758,3	29,6
758,5	29,54
758,7	29,565
758,9	29,57
759,1	29,595
759,3	29,549
759,5	29,585
759,7	29,57
759,9	29,6
760,1	29,56
760,3	29,6
760,5	29,545
760,7	29,57
760,9	29,565
761,1	29,57
761,3	29,58
761,5	29,55
761,7	29,53
761,9	29,53
762,1	29,55
762,3	29,6
762,5	29,58
762,7	29,595
762,9	29,585
763,1	29,595
763,3	29,595
763,5	29,575
763,7	29,595
763,9	29,545
764,1	29,565
764,3	29,595
764,5	29,57
764,7	29,545
764,9	29,55
765,1	29,585
765,3	29,6
765,5	29,535
765,7	29,56
765,9	29,56
766,1	29,55
766,3	29,615
766,5	29,565
766,7	29,535
766,9	29,55
767,1	29,58
767,3	29,56
767,5	29,555
767,7	29,58
767,9	29,57
768,1	29,6
768,3	29,6
768,5	29,595
768,7	29,555
768,9	29,54
769,1	29,54
769,3	29,56
769,5	29,595
769,7	29,54
769,9	29,533
770,1	29,565
770,3	29,6
770,5	29,54
770,7	29,565
770,9	29,555
771,1	29,59
771,3	29,58
771,5	29,544
771,7	29,55
771,9	29,6
772,1	29,545
772,3	29,575
772,5	29,544
772,7	29,6
772,9	29,585
773,1	29,545
773,3	29,56
773,5	29,59
773,7	29,555
773,9	29,6
774,1	29,605
774,3	29,6
774,5	29,57
774,7	29,6
774,9	29,565
775,1	29,54
775,3	29,54
775,5	29,492
775,7	29,59
775,9	29,57
776,1	29,6
776,3	29,565
776,5	29,55
776,7	29,565
776,9	29,56
777,1	29,595
777,3	29,565
777,5	29,56
777,7	29,6
777,9	29,61
778,1	29,57
778,3	29,63
778,5	29,55
778,7	29,56
778,9	29,554
779,1	29,585
779,3	29,605
779,5	29,6
779,7	29,575
779,9	29,59
780,1	29,58
780,3	29,6
780,5	29,6
780,7	29,59
780,9	29,59
781,1	29,6
781,3	29,6
781,5	29,595
781,7	29,59
781,9	29,605
782,1	29,6
782,3	29,66
782,5	29,555
782,7	29,58
782,9	29,6
783,1	29,615
783,3	29,545
783,5	29,59
783,7	29,54
783,9	29,565
784,1	29,6
784,3	29,55
784,5	29,585
784,7	29,575
784,9	29,595
785,1	29,555
785,3	29,575
785,5	29,565
785,7	29,57
785,9	29,52
786,1	29,645
786,3	29,56
786,5	29,615
786,7	29,55
786,9	29,6
787,1	29,575
787,3	29,56
787,5	29,59
787,7	29,6
787,9	29,56
788,1	29,565
788,3	29,58
788,5	29,59
788,7	29,63
788,9	29,57
789,1	29,55
789,3	29,57
789,5	29,555
789,7	29,535
789,9	29,58
790,1	29,525
790,3	29,57
790,5	29,595
790,7	29,595
790,9	29,575
791,1	29,58
791,3	29,575
791,5	29,545
791,7	29,6
791,9	29,585
792,1	29,59
792,3	29,6
792,5	29,605
792,7	29,55
792,9	29,56
793,1	29,6
793,3	29,58
793,5	29,57
793,7	29,585
793,9	29,56
794,1	29,575
794,3	29,585
794,5	29,6
794,7	29,555
794,9	29,58
795,1	29,595
795,3	29,575
795,5	29,56
795,7	29,6
795,9	29,605
796,1	29,565
796,3	29,56
796,5	29,585
796,7	29,585
796,9	29,545
797,1	29,61
797,3	29,58
797,5	29,519
797,7	29,58
797,9	29,595
798,1	29,57
798,3	29,59
798,5	29,585
798,7	29,575
798,9	29,575
799,1	29,555
799,3	29,62
799,5	29,58
799,7	29,615
799,9	29,535
800,1	29,565
800,3	29,56
800,5	29,6
800,7	29,57
800,9	29,545
801,1	29,57
801,3	29,56
801,5	29,54
801,7	29,585
801,9	29,55
802,1	29,605
802,3	29,58
802,5	29,6
802,7	29,575
802,9	29,57
803,1	29,6
803,3	29,514
803,5	29,595
803,7	29,6
803,9	29,605
804,1	29,57
804,3	29,595
804,5	29,57
804,7	29,555
804,9	29,59
805,1	29,55
805,3	29,575
805,5	29,545
805,7	29,545
805,9	29,585
806,1	29,6
806,3	29,56
806,5	29,57
806,7	29,6
806,9	29,555
807,1	29,58
807,3	29,545
807,5	29,515
807,7	29,575
807,9	29,595
808,1	29,565
808,3	29,57
808,5	29,575
808,7	29,595
808,9	29,555
809,1	29,59
809,3	29,57
809,5	29,535
809,7	29,515
809,9	29,58
810,1	29,56
810,3	29,6
810,5	29,565
810,7	29,6
810,9	29,545
811,1	29,585
811,3	29,575
811,5	29,575
811,7	29,56
811,9	29,58
812,1	29,52
812,3	29,575
812,5	29,61
812,7	29,575
812,9	29,56
813,1	29,545
813,3	29,575
813,5	29,575
813,7	29,56
813,9	29,59
814,1	29,525
814,3	29,57
814,5	29,57
814,7	29,595
814,9	29,585
815,1	29,585
815,3	29,56
815,5	29,585
815,7	29,55
815,9	29,56
816,1	29,54
816,3	29,565
816,5	29,52
816,7	29,56
816,9	29,56
817,1	29,575
817,3	29,585
817,5	29,535
817,7	29,56
817,9	29,58
818,1	29,585
818,3	29,535
818,5	29,555
818,7	29,56
818,9	29,535
819,1	29,54
819,3	29,54
819,5	29,58
819,7	29,6
819,9	29,508
820,1	29,56
820,3	29,57
820,5	29,605
820,7	29,6
820,9	29,55
821,1	29,55
821,3	29,6
821,5	29,59
821,7	29,55
821,9	29,53
822,1	29,6
822,3	29,535
822,5	29,61
822,7	29,595
822,9	29,6
823,1	29,575
823,3	29,59
823,5	29,53
823,7	29,57
823,9	29,585
824,1	29,56
824,3	29,56
824,5	29,53
824,7	29,59
824,9	29,554
825,1	29,555
825,3	29,57
825,5	29,55
825,7	29,56
825,9	29,54
826,1	29,53
826,3	29,555
826,5	29,545
826,7	29,595
826,9	29,58
827,1	29,59
827,3	29,595
827,5	29,565
827,7	29,6
827,9	29,58
828,1	29,57
828,3	29,59
828,5	29,58
828,7	29,56
828,9	29,585
829,1	29,595
829,3	29,56
829,5	29,54
829,7	29,57
829,9	29,56
830,1	29,61
830,3	29,575
830,5	29,58
830,7	29,565
830,9	29,55
831,1	29,575
831,3	29,59
831,5	29,575
831,7	29,6
831,9	29,575
832,1	29,555
832,3	29,6
832,5	29,555
832,7	29,55
832,9	29,58
833,1	29,56
833,3	29,585
833,5	29,58
833,7	29,565
833,9	29,58
834,1	29,59
834,3	29,595
834,5	29,6
834,7	29,585
834,9	29,6
835,1	29,6
835,3	29,595
835,5	29,595
835,7	29,58
835,9	29,585
836,1	29,59
836,3	29,565
836,5	29,555
