0.25	0
0.75	0.095
1.25	0.095
1.75	0.002
2.25	0.002
2.75	0.004
3.25	0.004
3.75	0.005
4.25	0.005
4.75	0.008
5.25	0.008
5.75	0.009
6.25	0.009
6.75	0.011
7.25	0.011
7.75	0.013
8.25	0.013
8.75	0.015
9.25	0.015
9.75	0.017
10.25	0.017
10.75	0.019
11.25	0.019
11.75	0.022
12.25	0.022
12.75	0.023
13.25	0.023
13.75	0.025
14.25	0.025
14.75	0.027
15.25	0.027
15.75	0.029
16.25	0.029
16.75	0.031
17.25	0.031
17.75	0.033
18.25	0.033
18.75	0.035
19.25	0.035
19.75	0.037
20.25	0.037
20.75	0.039
21.25	0.039
21.75	0.041
22.25	0.041
22.75	0.043
23.25	0.043
23.75	0.046
24.25	0.046
24.75	0.047
25.25	0.047
25.75	0.049
26.25	0.049
26.75	0.052
27.25	0.052
27.75	0.054
28.25	0.054
28.75	0.055
29.25	0.055
29.75	0.057
30.25	0.057
30.75	0.059
31.25	0.059
31.75	0.061
32.25	0.061
32.75	0.063
33.25	0.063
33.75	0.065
34.25	0.065
34.75	0.067
35.25	0.067
35.75	0.069
36.25	0.069
36.75	0.071
37.25	0.071
37.75	0.073
38.25	0.073
38.75	0.075
39.25	0.075
39.75	0.077
40.25	0.077
40.75	0.079
41.25	0.079
41.75	0.081
42.25	0.081
42.75	0.083
43.25	0.083
43.75	0.085
44.25	0.085
44.75	0.087
45.25	0.087
45.75	0.089
46.25	0.089
46.75	0.091
47.25	0.091
47.75	0.093
48.25	0.093
48.75	0.096
49.25	0.096
49.75	0.097
50.25	0.097
50.75	0.099
51.25	0.099
51.75	0.1
52.25	0.1
52.75	0.103
53.25	0.103
53.75	0.105
54.25	0.105
54.75	0.107
55.25	0.107
55.75	0.108
56.25	0.108
56.75	0.11
57.25	0.11
57.75	0.112
58.25	0.112
58.75	0.114
59.25	0.114
59.75	0.116
60.25	0.116
60.75	0.118
61.25	0.118
61.75	0.12
62.25	0.12
62.75	0.122
63.25	0.122
63.75	0.124
64.25	0.124
64.75	0.125
65.25	0.125
65.75	0.128
66.25	0.128
66.75	0.129
67.25	0.129
67.75	0.131
68.25	0.131
68.75	0.133
69.25	0.133
69.75	0.135
70.25	0.135
70.75	0.137
71.25	0.137
71.75	0.139
72.25	0.139
72.75	0.141
73.25	0.141
73.75	0.143
74.25	0.143
74.75	0.144
75.25	0.144
75.75	0.146
76.25	0.146
76.75	0.148
77.25	0.148
77.75	0.15
78.25	0.15
78.75	0.152
79.25	0.152
79.75	0.154
80.25	0.154
80.75	0.156
81.25	0.156
81.75	0.157
82.25	0.157
82.75	0.16
83.25	0.16
83.75	0.161
84.25	0.161
84.75	0.163
85.25	0.163
85.75	0.165
86.25	0.165
86.75	0.167
87.25	0.167
87.75	0.168
88.25	0.168
88.75	0.17
89.25	0.17
89.75	0.172
90.25	0.172
90.75	0.174
91.25	0.174
91.75	0.176
92.25	0.176
92.75	0.177
93.25	0.177
93.75	0.179
94.25	0.179
94.75	0.181
95.25	0.181
95.75	0.183
96.25	0.183
96.75	0.185
97.25	0.185
97.75	0.187
98.25	0.187
98.75	0.189
99.25	0.189
99.75	0.19
100.25	0.19
100.75	0.192
101.25	0.192
101.75	0.194
102.25	0.194
102.75	0.196
103.25	0.196
103.75	0.198
104.25	0.198
104.75	0.199
105.25	0.199
105.75	0.201
106.25	0.201
106.75	0.203
107.25	0.203
107.75	0.205
108.25	0.205
108.75	0.207
109.25	0.207
109.75	0.208
110.25	0.208
110.75	0.21
111.25	0.21
111.75	0.212
112.25	0.212
112.75	0.214
113.25	0.214
113.75	0.216
114.25	0.216
114.75	0.218
115.25	0.218
115.75	0.219
116.25	0.219
116.75	0.221
117.25	0.221
117.75	0.222
118.25	0.222
118.75	0.224
119.25	0.224
119.75	0.226
120.25	0.226
120.75	0.228
121.25	0.228
121.75	0.23
122.25	0.23
122.75	0.231
123.25	0.231
123.75	0.233
124.25	0.233
124.75	0.235
125.25	0.235
125.75	0.237
126.25	0.237
126.75	0.238
127.25	0.238
127.75	0.24
128.25	0.24
128.75	0.242
129.25	0.242
129.75	0.244
130.25	0.244
130.75	0.245
131.25	0.245
131.75	0.247
132.25	0.247
132.75	0.249
133.25	0.249
133.75	0.251
134.25	0.251
134.75	0.252
135.25	0.252
135.75	0.254
136.25	0.254
136.75	0.256
137.25	0.256
137.75	0.257
138.25	0.257
138.75	0.259
139.25	0.259
139.75	0.261
140.25	0.261
140.75	0.263
141.25	0.263
141.75	0.264
142.25	0.264
142.75	0.266
143.25	0.266
143.75	0.268
144.25	0.268
144.75	0.269
145.25	0.269
145.75	0.271
146.25	0.271
146.75	0.273
147.25	0.273
147.75	0.275
148.25	0.275
148.75	0.276
149.25	0.276
149.75	0.278
150.25	0.278
150.75	0.28
151.25	0.28
151.75	0.282
152.25	0.282
152.75	0.283
153.25	0.283
153.75	0.285
154.25	0.285
154.75	0.287
155.25	0.287
155.75	0.288
156.25	0.288
156.75	0.29
157.25	0.29
157.75	0.292
158.25	0.292
158.75	0.293
159.25	0.293
159.75	0.295
160.25	0.295
160.75	0.297
161.25	0.297
161.75	0.298
162.25	0.298
162.75	0.3
163.25	0.3
163.75	0.301
164.25	0.301
164.75	0.303
165.25	0.303
165.75	0.305
166.25	0.305
166.75	0.306
167.25	0.306
167.75	0.31
168.25	0.31
168.75	0.31
169.25	0.31
169.75	0.311
170.25	0.311
170.75	0.314
171.25	0.314
171.75	0.315
172.25	0.315
172.75	0.317
173.25	0.317
173.75	0.319
174.25	0.319
174.75	0.32
175.25	0.32
175.75	0.322
176.25	0.322
176.75	0.323
177.25	0.323
177.75	0.325
178.25	0.325
178.75	0.326
179.25	0.326
179.75	0.328
180.25	0.328
180.75	0.33
181.25	0.33
181.75	0.332
182.25	0.332
182.75	0.333
183.25	0.333
183.75	0.335
184.25	0.335
184.75	0.336
185.25	0.336
185.75	0.338
186.25	0.338
186.75	0.339
187.25	0.339
187.75	0.341
188.25	0.341
188.75	0.343
189.25	0.343
189.75	0.344
190.25	0.344
190.75	0.346
191.25	0.346
191.75	0.347
192.25	0.347
192.75	0.349
193.25	0.349
193.75	0.351
194.25	0.351
194.75	0.352
195.25	0.352
195.75	0.354
196.25	0.354
196.75	0.356
197.25	0.356
197.75	0.357
198.25	0.357
198.75	0.359
199.25	0.359
199.75	0.36
200.25	0.36
200.75	0.362
201.25	0.362
201.75	0.363
202.25	0.363
202.75	0.365
203.25	0.365
203.75	0.367
204.25	0.367
204.75	0.368
205.25	0.368
205.75	0.37
206.25	0.37
206.75	0.371
207.25	0.371
207.75	0.373
208.25	0.373
208.75	0.375
209.25	0.375
209.75	0.376
210.25	0.376
210.75	0.377
211.25	0.377
211.75	0.379
212.25	0.379
212.75	0.381
213.25	0.381
213.75	0.382
214.25	0.382
214.75	0.384
215.25	0.384
215.75	0.386
216.25	0.386
216.75	0.387
217.25	0.387
217.75	0.389
218.25	0.389
218.75	0.39
219.25	0.39
219.75	0.392
220.25	0.392
220.75	0.393
221.25	0.393
221.75	0.395
222.25	0.395
222.75	0.397
223.25	0.397
223.75	0.398
224.25	0.398
224.75	0.4
225.25	0.4
225.75	0.401
226.25	0.401
226.75	0.403
227.25	0.403
227.75	0.404
228.25	0.404
228.75	0.406
229.25	0.406
229.75	0.407
230.25	0.407
230.75	0.409
231.25	0.409
231.75	0.41
232.25	0.41
232.75	0.412
233.25	0.412
233.75	0.413
234.25	0.413
234.75	0.415
235.25	0.415
235.75	0.417
236.25	0.417
236.75	0.418
237.25	0.418
237.75	0.42
238.25	0.42
238.75	0.421
239.25	0.421
239.75	0.423
240.25	0.423
240.75	0.424
241.25	0.424
241.75	0.425
242.25	0.425
242.75	0.427
243.25	0.427
243.75	0.428
244.25	0.428
244.75	0.43
245.25	0.43
245.75	0.432
246.25	0.432
246.75	0.433
247.25	0.433
247.75	0.435
248.25	0.435
248.75	0.436
249.25	0.436
249.75	0.438
250.25	0.438
250.75	0.439
251.25	0.439
251.75	0.441
252.25	0.441
252.75	0.442
253.25	0.442
253.75	0.444
254.25	0.444
254.75	0.445
255.25	0.445
255.75	0.447
256.25	0.447
256.75	0.449
257.25	0.449
257.75	0.45
258.25	0.45
258.75	0.451
259.25	0.451
259.75	0.453
260.25	0.453
260.75	0.454
261.25	0.454
261.75	0.456
262.25	0.456
262.75	0.457
263.25	0.457
263.75	0.459
264.25	0.459
264.75	0.46
265.25	0.46
265.75	0.462
266.25	0.462
266.75	0.463
267.25	0.463
267.75	0.464
268.25	0.464
268.75	0.466
269.25	0.466
269.75	0.467
270.25	0.467
270.75	0.469
271.25	0.469
271.75	0.471
272.25	0.471
272.75	0.472
273.25	0.472
273.75	0.473
274.25	0.473
274.75	0.475
275.25	0.475
275.75	0.476
276.25	0.476
276.75	0.478
277.25	0.478
277.75	0.48
278.25	0.48
278.75	0.481
279.25	0.481
279.75	0.482
280.25	0.482
280.75	0.484
281.25	0.484
281.75	0.485
282.25	0.485
282.75	0.487
283.25	0.487
283.75	0.488
284.25	0.488
284.75	0.489
285.25	0.489
285.75	0.491
286.25	0.491
286.75	0.492
287.25	0.492
287.75	0.494
288.25	0.494
288.75	0.495
289.25	0.495
289.75	0.497
290.25	0.497
290.75	0.498
291.25	0.498
291.75	0.5
292.25	0.5
292.75	0.501
293.25	0.501
